,2_T4,2_T3,2_T2,2_T1,2_T0,3_T4,3_T3,3_T2,3_T1,3_T0,4_T4,4_T3,4_T2,4_T1,4_T0,5_T4,5_T3,5_T2,5_T1,5_T0,6_T4,6_T3,6_T2,6_T1,6_T0,7_T4,7_T3,7_T2,7_T1,7_T0,8_T4,8_T3,8_T2,8_T1,8_T0,9_T4,9_T3,9_T2,9_T1,9_T0,10_T4,10_T3,10_T2,10_T1,10_T0,11_T4,11_T3,11_T2,11_T1,11_T0,12_T4,12_T3,12_T2,12_T1,12_T0,13_T4,13_T3,13_T2,13_T1,13_T0,14_T4,14_T3,14_T2,14_T1,14_T0,16_T4,16_T3,16_T2,16_T1,16_T0,80_T4,80_T3,80_T2,80_T1,80_T0,84_T4,84_T3,84_T2,84_T1,84_T0
2_T4,1.0,0.9987653823446534,0.997623165759235,0.9969308396563028,0.9957148679369476,0.09502010808003414,0.09569128082736542,0.09479516862085784,0.09386732787331034,0.09159278162311661,-0.20499059507672543,-0.20246102368932978,-0.20048986358638435,-0.1992124703778347,-0.19812764846296835,-0.1037723214604962,-0.10491299991768793,-0.10472765188780146,-0.1040348430957451,-0.10334684990265272,-0.21298256622870848,-0.21324589420715595,-0.2131579436752575,-0.21183864007596395,-0.21032822940957918,0.02371508176445919,0.023811434497374093,0.023612821653460837,0.02340273753739567,0.024071439621738994,-0.08553471789515855,-0.0842033917306943,-0.08295743049859042,-0.08257433644293449,-0.0837062963497296,-0.011258737516043301,-0.013101548788359738,-0.013928562233174308,-0.013622913110849146,-0.013202540031774186,-0.01132691876120861,-0.012016176773465595,-0.011500523056479703,-0.01206158443975497,-0.012659648994155451,-0.19026205577172023,-0.1912525891265604,-0.19124818090313062,-0.1917414862733535,-0.19024591490134166,0.0030534827607218607,0.0035086727040865326,0.0027483234061149056,0.0020287851350327874,0.0023400656481983866,-0.13076697987501967,-0.13261120579757468,-0.13319408612994169,-0.132805072353301,-0.13099232695511323,0.07189770689101153,0.07012334819006696,0.07047941993952729,0.07089220018314486,0.0713880597393373,-0.08034793752329523,-0.08033749153071325,-0.07867876747160729,-0.07907896684461257,-0.08045324620666988,-0.05098225218420257,-0.04967921382417014,-0.04887348744124281,-0.05003032298727981,-0.05214007962844242,-0.14720383324421224,-0.14875630363091885,-0.14825421180899337,-0.14502756702803607,-0.13854955404751954
2_T3,0.9987653823446534,1.0,0.9987654453797852,0.9976233142643464,0.9969310878660261,0.09624707730057758,0.0949479479923513,0.09560398591321402,0.09468693859892972,0.09372447290795259,-0.20512592002020064,-0.20506817510755918,-0.20255578023537235,-0.2006081648428029,-0.1993679825347424,-0.10392654380442022,-0.10372093249318774,-0.10485083588864713,-0.10465032768561652,-0.103932862264489,-0.2142786031032097,-0.21298930050720002,-0.21325384565255961,-0.21316779279320874,-0.21185192033428266,0.02410340256936053,0.02364266171639027,0.02372378284277796,0.02350377147910464,0.0232590366168447,-0.08368433753751188,-0.08532424273692236,-0.08395025300966748,-0.08264314699744993,-0.08215996797342608,-0.009156032817462334,-0.011331609915794372,-0.013189879449468755,-0.014038797037054268,-0.013768403720179127,-0.010476795919174504,-0.011326382690865383,-0.01201106517464027,-0.011505245670222656,-0.012050781404215432,-0.19006406250926955,-0.19020200743425378,-0.19118344936238815,-0.19115697491533656,-0.1916270458623757,0.0025623026726353986,0.0030081855946483757,0.00345410562898214,0.0026805671996676015,0.0019395521291069244,-0.13106282904615074,-0.13083867614865355,-0.13269767128311438,-0.13330143380757015,-0.1329464515296319,0.07127510693963078,0.07167162778994554,0.06985220093520092,0.0701420218469149,0.07044654516180185,-0.07921089338205736,-0.08037172311264712,-0.08036668051323989,-0.07871552896912408,-0.07912742151213194,-0.049465838733529395,-0.050960997862236686,-0.049653717597493596,-0.048841877715817716,-0.04998871727479239,-0.15044500970097108,-0.14706122663275664,-0.14858425078240425,-0.14803994659973266,-0.1447456784081727
2_T2,0.997623165759235,0.9987654453797852,1.0,0.9987655083738918,0.9976234626490447,0.0966698056551974,0.09615955671049402,0.09487583134956337,0.09551675414988414,0.09457880627733604,-0.20523583426495834,-0.20522052153315007,-0.20514569623301904,-0.20265045008541138,-0.2007263308657535,-0.10336513823152176,-0.10386432529951915,-0.103669571826623,-0.10478871299993779,-0.10457306740288212,-0.21462434087712484,-0.21428665464376082,-0.21299603148377363,-0.21326179241801518,-0.21317763466883208,0.024100165355426393,0.024015647158838208,0.023570286437559533,0.023636196314049306,0.02339482250600405,-0.08291549610563968,-0.08343059173780418,-0.0851140401657156,-0.08369750660464174,-0.08232947109956112,-0.00752817340733377,-0.009244500683212717,-0.011404436488291259,-0.013278143250194325,-0.014148927458570904,-0.010221205518012295,-0.010476485475096586,-0.011322392038550545,-0.012015143551490014,-0.011497478603725072,-0.1893905249633994,-0.1899915515505918,-0.19014513095728267,-0.19111055514515293,-0.1910705905576322,0.0016236136564108867,0.002507366903669987,0.0029629132359661314,0.0033995744439633793,0.002612866647353058,-0.13087552840083785,-0.1311498266694326,-0.13091032458394117,-0.13278406749312907,-0.13340867414449895,0.07038541551405651,0.07100172069960939,0.07144587464665605,0.06958152027676208,0.06980534774455663,-0.07822023496425336,-0.07923971439763391,-0.08039549645959918,-0.08039585141951394,-0.07875226200767153,-0.04842508370805189,-0.04944008198964904,-0.05093975668801433,-0.04962824032393808,-0.048810297339621424,-0.15232272106648115,-0.15027143612757118,-0.14691875867472456,-0.14841239876516146,-0.1478259938049005
2_T1,0.9969308396563028,0.9976233142643464,0.9987655083738918,1.0,0.9987655713269964,0.09612869963442304,0.0965598470041311,0.09607209946004613,0.09480375811225114,0.09542958546854073,-0.2063199490449293,-0.20535469168039266,-0.20531503639090118,-0.20522315852398185,-0.20274503336512886,-0.10268404282696024,-0.1032870226012717,-0.10380214798258566,-0.1036182394374293,-0.10472663121072677,-0.2145592776154171,-0.21463438219726932,-0.21429470144312193,-0.2130027591608629,-0.2132697345076636,0.024751356582145643,0.023989989065037555,0.023927956949152403,0.023497955886145862,0.023548674838078244,-0.08367706062815095,-0.08259712784851204,-0.0831772400292395,-0.0849041095750997,-0.08344515147195389,-0.0054688577431434475,-0.007639332545749565,-0.009332901688111921,-0.011477217277175735,-0.013366340267172488,-0.009961150340064968,-0.010221231027171748,-0.01047198881138761,-0.011325997902462246,-0.012009199434777752,-0.18776732672301996,-0.1892997933330914,-0.18992288014676256,-0.1900851488256216,-0.191041509028909,0.002014906091865681,0.0015544922474402577,0.002452467315218357,0.002917665664299149,0.0033450791136308776,-0.12915283967834712,-0.1309849825809712,-0.13123675448395225,-0.13098192522970897,-0.13287039451249272,0.07048460389203916,0.0700424308546829,0.07072880772263945,0.07122044663724561,0.06931130480850242,-0.07892571594570276,-0.07825631863751571,-0.0792685175782383,-0.0804192575736126,-0.08042500426634003,-0.049369083032611186,-0.048392694576888155,-0.049414344413107006,-0.05091852864929833,-0.04960278198229804,-0.15038190146880687,-0.1521038133390312,-0.15009806546294815,-0.14677642916416903,-0.1482407472211568
2_T0,0.9957148679369476,0.9969310878660261,0.9976234626490447,0.9987655713269964,1.0,0.09564248495912192,0.09598311731528393,0.0964499878866934,0.09598470548016988,0.09473172824104416,-0.20702600574679866,-0.20647643205899555,-0.20547341303797972,-0.20540946471932084,-0.20530056205123556,-0.10060406190320846,-0.10258059756903097,-0.10320897166072684,-0.1037400118127325,-0.10356693530225201,-0.21342559507453193,-0.21457274752908348,-0.21464441612457336,-0.21430274350549952,-0.21300948354089652,0.025252093783456518,0.024605349110342473,0.023879915142875227,0.023840331867117696,0.02342567002037827,-0.08344778231735615,-0.08325374128550324,-0.08227937794596024,-0.08292428136079995,-0.08469445036058733,-0.0010932675610046752,-0.005615845416887566,-0.007750386672994787,-0.009421235908655838,-0.011549952326035326,-0.009611561520669581,-0.009961653546086607,-0.010216000784670741,-0.010476697462513949,-0.01132131833217318,-0.18665681550557447,-0.1876479485017104,-0.18921388691225244,-0.18985046522721674,-0.19002833638958602,0.00031462075259300587,0.001923132296916314,0.0014854278131142715,0.002397603871547425,0.002872442859295205,-0.12668162678217426,-0.1292981976495074,-0.13109432686049813,-0.13132361257537634,-0.13105347813472276,0.07105673923758508,0.07002932393398313,0.06970018886035338,0.0704563665729621,0.07099534294085935,-0.07955939219935837,-0.07897273066983952,-0.07829237438302021,-0.0792973029404373,-0.08044300646413764,-0.051240822853684406,-0.04932591265590383,-0.04836033560951918,-0.049388625982434965,-0.050897313733858904,-0.14652597299798337,-0.15009175458775723,-0.1518852258707608,-0.14992489734484588,-0.14663423789555682
3_T4,0.09502010808003414,0.09624707730057758,0.0966698056551974,0.09612869963442304,0.09564248495912192,1.0,0.9956961697445762,0.9904623124296336,0.9871214951250118,0.9826238864422475,-0.11547032681725433,-0.11458403546712638,-0.11390559230145478,-0.11250333315860836,-0.10905100716982108,-0.1929460366240901,-0.19332129441210474,-0.19310330223530214,-0.1934885344161349,-0.1936587386479999,-0.05338214923425976,-0.05194209476380769,-0.050486773576052066,-0.049028523130137364,-0.046160731016560416,0.06601186382246187,0.06774020633804155,0.06999367028168828,0.07158293189908654,0.07434639718357855,-0.17603908709275554,-0.1728076216064681,-0.17114796387884773,-0.17189433509179,-0.1741074520958509,0.08341019219637157,0.08375928904717021,0.08294133051710813,0.08376341471012887,0.08564340283701867,-0.18266454367285284,-0.18222620793649347,-0.18176969037478216,-0.18077836912809003,-0.18091497691868216,-0.10261565924566585,-0.10333302472482896,-0.1034861765074608,-0.10424489566407055,-0.10595796521695369,0.05285113557028822,0.05135417425822555,0.04957851090185416,0.04870750778895637,0.04864255548038943,-0.04603804086826578,-0.045457291053978804,-0.04417697956188527,-0.041792840262972114,-0.03862201670577279,0.0614313640102858,0.06078411493322983,0.06100453005944797,0.060558844625369444,0.06126479416717835,-0.14253281963128775,-0.14550885954510503,-0.14735130948862515,-0.14750678211988696,-0.14907850790592997,-0.0639768899602893,-0.06398386864680956,-0.06430484438336645,-0.0654266762635948,-0.0669603046828612,-0.11738343378779012,-0.11928154373603386,-0.12156173959727909,-0.12065300654126519,-0.11783244420913017
3_T3,0.09569128082736542,0.0949479479923513,0.09615955671049402,0.0965598470041311,0.09598311731528393,0.9956961697445762,1.0,0.9956966964257247,0.99046376503801,0.9871241149706842,-0.11762125544637346,-0.11526973916314737,-0.1143430704535071,-0.11360485994402564,-0.11210446323824293,-0.19226364740382212,-0.19300386005864986,-0.19339058210135712,-0.19318983318998723,-0.19360391836286717,-0.05494387483913209,-0.05336134201382542,-0.05191745694666158,-0.050456230626785815,-0.04898771125483722,0.06388892768183035,0.06611467680067745,0.0678634298316116,0.07014718902064854,0.07178712834243459,-0.17688393661967336,-0.17624035205074845,-0.17305049483873827,-0.17145229200421847,-0.17229918904891678,0.0852918573840025,0.08351579987084458,0.0838865065162695,0.08310097534724926,0.08397618494485583,-0.18315570297807948,-0.1826556942888205,-0.18222244917058278,-0.18174783679325532,-0.18077599923306228,-0.10165546656311818,-0.102686166122966,-0.1034134173344232,-0.10359262697595285,-0.10437968951388592,0.053557496333217,0.05291766350721643,0.05143377480218949,0.049677982289129424,0.04884017355960392,-0.047447590656633246,-0.04589736425891808,-0.04528880232076815,-0.043967069267951395,-0.04151381490861942,0.06201979999872004,0.06170181181101922,0.061108067224255325,0.06140857716294118,0.06109767751383011,-0.1395431606367841,-0.14248360148488104,-0.14544884305095931,-0.14727556041129847,-0.14740580820879162,-0.06285865168808974,-0.06400132709554154,-0.06401304751428494,-0.06434111366873302,-0.06547460396491382,-0.11901326935914182,-0.11755724691754275,-0.11948954465281202,-0.12182064796657463,-0.1209978448839335
3_T2,0.09479516862085784,0.09560398591321402,0.09487583134956337,0.09607209946004613,0.0964499878866934,0.9904623124296336,0.9956966964257247,1.0,0.9956972226890376,0.9904652162077934,-0.11682810979804382,-0.11737878499083981,-0.1150693263928665,-0.11410235790549733,-0.11330452119019785,-0.19263939814643766,-0.1923330175407651,-0.19306164829747416,-0.19345981917228391,-0.19327628514460307,-0.056746009450195964,-0.054918857370923314,-0.05334054662228548,-0.05189283594053741,-0.05042571371879829,0.06199694407720633,0.0640125158240747,0.06621742009539443,0.06798655305499196,0.07030055165914853,-0.178255242730535,-0.17712488366550985,-0.17644137267342344,-0.17329301421169555,-0.17175606603778565,0.08873906890796918,0.08541820743606293,0.08362133476842312,0.08401361858627844,0.08326045465838211,-0.1839408510916517,-0.18314456691847164,-0.1826522111001316,-0.1822044703606771,-0.1817453685408338,-0.10106773979269344,-0.10173988890524545,-0.10275291927455327,-0.10349820389677894,-0.10369340912709744,0.05500795525770208,0.05363735634570549,0.052984151047792215,0.05151331736497094,0.04977736314184132,-0.0494457668057721,-0.047278455789225654,-0.04575679120049053,-0.04512046235057375,-0.0437573904101193,0.0623900284708219,0.06234401486585894,0.06197187824424272,0.061431473392933825,0.06181177484100765,-0.13763313811106095,-0.13948437985110948,-0.14243441191823672,-0.14538886842611065,-0.14719987741576054,-0.06221884129210787,-0.06288812470293456,-0.06402574770226678,-0.06404220269464449,-0.06437734616981551,-0.1189605363121889,-0.11922168084062419,-0.11773087568398405,-0.11969728086284152,-0.12207914477269555
3_T1,0.09386732787331034,0.09468693859892972,0.09551675414988414,0.09480375811225114,0.09598470548016988,0.9871214951250118,0.99046376503801,0.9956972226890376,1.0,0.9956977485349888,-0.11537594175469884,-0.11652698636439042,-0.1171365692374199,-0.11486908827150381,-0.11386189741554156,-0.19242929970460035,-0.19272577986037073,-0.19240233700400336,-0.19311940137280434,-0.19352900568053105,-0.057171583265059264,-0.05671476701573028,-0.05489385697833399,-0.05331976304940533,-0.05186823172797859,0.06073911393418247,0.06215110858282637,0.06413600343784326,0.06632009377745414,0.06810957613055561,-0.18189828117621945,-0.1785543637732255,-0.1773654799517483,-0.17664214946540005,-0.17353518060147335,0.09197222351664465,0.08889557077228538,0.08554445300768791,0.08372679696437163,0.08414062538824846,-0.18458854730565655,-0.18392633990309057,-0.1831398756528472,-0.18263687117679572,-0.18220200036152562,-0.10116160624094908,-0.10117262977985457,-0.10181979634148382,-0.10282334011097125,-0.10357847605756451,0.05727733252103975,0.055107523906088154,0.05371715814202907,0.05305059822893884,0.05159280201014724,-0.04990471198354264,-0.04923453288163863,-0.04710947040811554,-0.045616321578102526,-0.04495227094546597,0.06353274433513648,0.06279383570793537,0.06266768096399568,0.0622415642399605,0.06175433502925187,-0.13628004793105308,-0.13756039048688007,-0.13942564002570765,-0.14238525090619902,-0.1453289356262893,-0.06207222481404649,-0.062255768816759254,-0.06291757377687922,-0.06405015179749932,-0.06407133421718715,-0.11656963535016812,-0.11922103379377226,-0.11942982689696592,-0.11790432038136452,-0.11990475287295788
3_T0,0.09159278162311661,0.09372447290795259,0.09457880627733604,0.09542958546854073,0.09473172824104416,0.9826238864422475,0.9871241149706842,0.9904652162077934,0.9956977485349888,1.0,-0.11389231449259211,-0.11497526641883751,-0.11622625730094291,-0.11689460777371104,-0.1146690245645965,-0.19263610689570557,-0.19254470522436398,-0.19281208278603088,-0.1924716058492323,-0.19317711931683082,-0.05846246618299474,-0.057129637707955,-0.056683551209723015,-0.05486887364362843,-0.0532989912849627,0.05886994764870368,0.06094517991550165,0.06230511654103508,0.06425939064578161,0.06642269791760252,-0.18634809611532138,-0.18229505743251126,-0.17885294131029858,-0.17760572634689265,-0.17684268292974903,0.09798689342054909,0.09217961231167694,0.08905191115568802,0.0856705942285252,0.08383218653385421,-0.18459901555854843,-0.18456838092426806,-0.18391986027034476,-0.18312094959980954,-0.18263446141338674,-0.10114550017815616,-0.10130087378292965,-0.10127187806586055,-0.10190409511503155,-0.10289001002013089,0.05958617988538438,0.057410208374294745,0.055207001894611196,0.05379690178606367,0.05311700508753526,-0.04919230105837633,-0.04962225781674204,-0.04902353216306265,-0.046940634314183174,-0.04547595527704595,0.06393443247775024,0.0640712865403805,0.06319678858074035,0.06299079989942111,0.06251087072484911,-0.13161123636943503,-0.13618434610295477,-0.13748770612807582,-0.13936694111731776,-0.14233611842364186,-0.06272827245459002,-0.06212177290953341,-0.06229265885974874,-0.0629469989395501,-0.06407453939824986,-0.11267264529856004,-0.11691860374121445,-0.11948111659366738,-0.11963770803677037,-0.11807758130330309
4_T4,-0.20499059507672543,-0.20512592002020064,-0.20523583426495834,-0.2063199490449293,-0.20702600574679866,-0.11547032681725433,-0.11762125544637346,-0.11682810979804382,-0.11537594175469884,-0.11389231449259211,1.0,0.9949824469510137,0.9899262289390991,0.985510280191744,0.9795776855606222,0.08271439157837503,0.08798619937273167,0.08956004502824258,0.09108685706050478,0.09109465471142089,0.08692859987769515,0.08809485111987149,0.0886124552719275,0.09039863474057562,0.09022217817067649,-0.10374491493786013,-0.10717929271618835,-0.10869178840638635,-0.109255961213607,-0.11111627300999673,0.11346270134229194,0.11272793279930264,0.11130919468370436,0.11158846215236744,0.11343914678899134,0.00010412659758444872,0.001380244298966305,0.00268059522145273,0.0019165758521659223,0.00031489665845582887,0.17305339838314931,0.17621812405358042,0.1776308060019318,0.18100677793624073,0.18411932187897326,0.06916751543776076,0.07267300439072377,0.07290425857537439,0.07275036767680532,0.07210429199163669,-0.1988274457666208,-0.19988501353190702,-0.19883549711258755,-0.19852495247388044,-0.19733206141071305,0.03546521542505698,0.037792889550854365,0.03842098755879845,0.03954392084185295,0.040006204786600656,-0.1466218047091704,-0.14399745637642203,-0.14369661706948733,-0.14281544975532065,-0.14027824653751875,0.031382758774272844,0.035798093222914065,0.037184350773027786,0.04003077122629649,0.043925387655900844,0.19611628131336276,0.1970633105459103,0.1966393837187467,0.19701225359322114,0.19685408694048237,-0.0926117079843854,-0.09171887494024598,-0.0920208212457905,-0.09529958527749838,-0.0996926629588533
4_T3,-0.20246102368932978,-0.20506817510755918,-0.20522052153315007,-0.20535469168039266,-0.20647643205899555,-0.11458403546712638,-0.11526973916314737,-0.11737878499083981,-0.11652698636439042,-0.11497526641883751,0.9949824469510137,1.0,0.9949843062178934,0.9899308860309382,0.9855191615765313,0.08036800200483378,0.08257349321533693,0.08781520022731489,0.08934658395875676,0.09080206157260916,0.08745701687470833,0.08694634501238374,0.08811553369556797,0.08863794904754022,0.09043246862941551,-0.10211425157010827,-0.10353179600477566,-0.1069211763516055,-0.10836964472355619,-0.10882723610609651,0.11154513769899399,0.11292410622050601,0.11208022835421534,0.11050331886425313,0.11051645298186358,0.0011168573322019003,0.00030414297604659715,0.001622153267472059,0.0029828431412751008,0.0023194346000093404,0.16996864423830169,0.17302601845722987,0.17617231044526224,0.1776033946205679,0.18092283057617672,0.06743286046347341,0.06901823073381781,0.07250019785246013,0.07267706030262143,0.07246165278134399,-0.19892111283190794,-0.19866973728823767,-0.1996951452782233,-0.19859948521756396,-0.19821116947303855,0.034004228713946594,0.035689577971927414,0.03806240907139431,0.038756270815995905,0.03998937554875765,-0.14589521609209302,-0.1460122875446105,-0.14326713567954963,-0.14278760558175216,-0.1416072313010119,0.028024573610561668,0.031448448814008524,0.03587762891469723,0.037284169487329655,0.04016266174975897,0.19500567339341918,0.1960380304771511,0.1969690276684144,0.19652229772028407,0.19685679943116757,-0.09168097468406444,-0.09287238669971917,-0.09203250729840108,-0.09241135489188822,-0.09581686654594697
4_T2,-0.20048986358638435,-0.20255578023537235,-0.20514569623301904,-0.20531503639090118,-0.20547341303797972,-0.11390559230145478,-0.1143430704535071,-0.1150693263928665,-0.1171365692374199,-0.11622625730094291,0.9899262289390991,0.9949843062178934,1.0,0.9949861630880509,0.9899355356279596,0.07793316249326328,0.0801992396519254,0.08243271111743214,0.08764437122319464,0.0891333878936447,0.08677506365128464,0.08747815388356547,0.08696407854011362,0.08813620014003923,0.08866341807491648,-0.10050447189878862,-0.10185851568415995,-0.10331886609705687,-0.10666333584787481,-0.10804793059547092,0.10996819285781391,0.11089908522912985,0.11238632960495053,0.11143370498687484,0.10969927585194193,0.0020253430696647295,0.001356885782769905,0.000503980518966879,0.0018638014260177502,0.003284684054044478,0.16707865175852063,0.16993710761806963,0.17298928165180397,0.17615136038012882,0.1775422203228582,0.06701006592584749,0.06725426345823164,0.06887623835315282,0.07231889696343273,0.07246097034905462,-0.1979822185698107,-0.19873123413617066,-0.19851216027811672,-0.19950546775825528,-0.19836376900910677,0.033866455378349154,0.0342745802090143,0.03591372966614084,0.038331623771189934,0.03909108117368943,-0.1449885877963579,-0.14516273661427076,-0.14540378832293513,-0.1425382750679134,-0.1418808590347777,0.024514511205002056,0.028104107343766935,0.03151408826499258,0.035957090887435185,0.037383872770575526,0.1946787087511424,0.19491160939768207,0.195959853685611,0.19687485220691228,0.1964053780793513,-0.09106394282171663,-0.09199536585489136,-0.09313274292829174,-0.09234567362220082,-0.09280116466805491
4_T1,-0.1992124703778347,-0.2006081648428029,-0.20265045008541138,-0.20522315852398185,-0.20540946471932084,-0.11250333315860836,-0.11360485994402564,-0.11410235790549733,-0.11486908827150381,-0.11689460777371104,0.985510280191744,0.9899308860309382,0.9949861630880509,1.0,0.99498801756608,0.0735266405759801,0.07772303822446919,0.0800306446033517,0.08229204513396149,0.08747371209431234,0.08572765661343336,0.08680155520100839,0.0874992743297311,0.08698180047314927,0.08815685047360658,-0.09866570151206527,-0.10018572380235145,-0.10160305233669581,-0.10310612495768877,-0.10640577075285818,0.11066325012399454,0.10916179579439152,0.11025421136262212,0.11184936955366348,0.1107883593392743,0.0012326067466134293,0.002324333366716757,0.0015966564088988407,0.0007036394707537971,0.00210518920447712,0.16473459691663445,0.16704103923537433,0.1698943311979315,0.17297314408846487,0.17610336245042105,0.06483560969094246,0.06678777965892374,0.06708444852810863,0.06872719853032748,0.07214643963133555,-0.19746948636167885,-0.19774481913873115,-0.1985415457122272,-0.19835471456415846,-0.19931598067093412,0.03272928977030359,0.03420441870763152,0.03454462632479737,0.0361376708076391,0.03860053417227464,-0.14377110883227626,-0.1440734449334554,-0.14443172663411152,-0.14479630434360802,-0.14181086991273115,0.022132538596123286,0.02461426744288487,0.02818356735864422,0.031579677189783904,0.036036479250918935,0.19389851672786407,0.1945610670811572,0.19481765241216692,0.19588175082821138,0.19678078396831788,-0.09255223965291877,-0.09145810668877535,-0.09230928936055706,-0.09339277726956884,-0.0926583749521316
4_T0,-0.19812764846296835,-0.1993679825347424,-0.2007263308657535,-0.20274503336512886,-0.20530056205123556,-0.10905100716982108,-0.11210446323824293,-0.11330452119019785,-0.11386189741554156,-0.1146690245645965,0.9795776855606222,0.9855191615765313,0.9899355356279596,0.99498801756608,1.0,0.06771612352268816,0.07324900462700407,0.07751317410693305,0.07986221659853851,0.08215149511451357,0.08606702795533222,0.08576358333265911,0.08682802076053082,0.08752037823416972,0.08699951082375124,-0.09463809021865784,-0.09824314392613832,-0.09986739998848157,-0.10134786108243178,-0.10289357233015002,0.11080767488054619,0.10958942401198134,0.10835723784044148,0.10961051274418065,0.11131322413105377,-0.0003495479015552326,0.0016286125173906472,0.002622922662943638,0.0018361696339443594,0.00090312007535964,0.16293607765476995,0.16468675018311804,0.16698941092841374,0.16987631568951586,0.17293458274477128,0.06018128452692696,0.06454259373302575,0.06657650710521512,0.06690620335386722,0.06858544399773198,-0.19695501311016145,-0.19715389308229156,-0.1975077169191554,-0.19835204726066352,-0.19819739997461172,0.03148200278839192,0.03317935975223651,0.03454190499557583,0.03481436758341264,0.03636140169579321,-0.14270472340513451,-0.14255508135841177,-0.1431605980935525,-0.1437021814702829,-0.14418983291613544,0.018514772586973264,0.022263770576927973,0.02471390801535907,0.02826295376490938,0.03164521565083049,0.1929027896845235,0.19374212645285727,0.19444359267664119,0.19472380224479746,0.19580372179465552,-0.09759912404445163,-0.09307627837293353,-0.09185153701931204,-0.09262274624630273,-0.09365249032151977
5_T4,-0.1037723214604962,-0.10392654380442022,-0.10336513823152176,-0.10268404282696024,-0.10060406190320846,-0.1929460366240901,-0.19226364740382212,-0.19263939814643766,-0.19242929970460035,-0.19263610689570557,0.08271439157837503,0.08036800200483378,0.07793316249326328,0.0735266405759801,0.06771612352268816,1.0,0.9997649837862296,0.9994315282781512,0.9991368382490623,0.998795601394201,0.0117422265209675,0.011133318660302075,0.010722816209259948,0.01054562386315195,0.009472728865592342,-0.13104246630143634,-0.13152190112860865,-0.13174971654193976,-0.13212925582528273,-0.13328755190937686,-0.014307051607819893,-0.013747700387353802,-0.012217743418326396,-0.011320817862628695,-0.010926103072146968,-0.08912734369320073,-0.08869888910255368,-0.08825995215992939,-0.08828444474055853,-0.08879745826207665,0.25933446046264497,0.2584017946503491,0.2577013042599333,0.25719944760464225,0.2566914297121316,0.09719963825205326,0.09689869702131253,0.0968380366436588,0.0970849631188093,0.09748023523363122,-0.21430944567137694,-0.21499143478880298,-0.21713651224902633,-0.21866193178342264,-0.2196798956670743,0.10817348592424017,0.10842843246777477,0.10862830499478031,0.10806825558655032,0.10793132075027331,0.07063881545690642,0.07132151272086623,0.07157500116637534,0.0717870008774783,0.07134813949874051,0.1672008814305233,0.16691659831736225,0.1666724217417451,0.16717173467365748,0.1680972075552189,0.14873106158206467,0.14823440128274956,0.148236818006238,0.14889987263132504,0.14903574629925276,0.05954520224332339,0.06091114871336333,0.06233524807321241,0.06187345971746601,0.06154579177358856
5_T3,-0.10491299991768793,-0.10372093249318774,-0.10386432529951915,-0.1032870226012717,-0.10258059756903097,-0.19332129441210474,-0.19300386005864986,-0.1923330175407651,-0.19272577986037073,-0.19254470522436398,0.08798619937273167,0.08257349321533693,0.0801992396519254,0.07772303822446919,0.07324900462700407,0.9997649837862296,1.0,0.999764998353699,0.9994315722439977,0.9991369273807222,0.01233468110184804,0.011729082457638384,0.011117751521542575,0.010703470344825971,0.010519655357519836,-0.13076414205062906,-0.13110971562486243,-0.13160251851999216,-0.13185037981184394,-0.13226339163946674,-0.014800782271470648,-0.014104758608568333,-0.01350588299061285,-0.011916738529683519,-0.010920383954590421,-0.08911053823578413,-0.0892013570732834,-0.08878802715796827,-0.08837176566938179,-0.08843367294792098,0.25955147069532086,0.2593280819167196,0.25839901839554363,0.25768563627878605,0.25719750659612933,0.09717071847026162,0.09725033759763839,0.09695662845839169,0.0969146000190718,0.09718220867512813,-0.21327779136321615,-0.21434890317683633,-0.2150384830832043,-0.2171950322397387,-0.21873979058603663,0.10806465805849194,0.10806549236418007,0.10829910535207214,0.1084669467257793,0.10785329422362591,0.07022590394404844,0.07039135081626453,0.0710255292913211,0.07120559641805628,0.07129441446642101,0.16645413755633556,0.16716613847528639,0.16687441514216925,0.16661928487573266,0.1671008449298022,0.14828679038745057,0.14874715046686232,0.14825362386918656,0.14826074058396882,0.14893155397869862,0.05969596770920569,0.059729361831569835,0.06113162687016708,0.0626103564874498,0.06224061342349828
5_T2,-0.10472765188780146,-0.10485083588864713,-0.103669571826623,-0.10380214798258566,-0.10320897166072684,-0.19310330223530214,-0.19339058210135712,-0.19306164829747416,-0.19240233700400336,-0.19281208278603088,0.08956004502824258,0.08781520022731489,0.08243271111743214,0.0800306446033517,0.07751317410693305,0.9994315282781512,0.999764998353699,1.0,0.9997650129113343,0.9994316161729057,0.012938095892763147,0.012318933265279294,0.011715945131438374,0.011102193958645635,0.010684139354507193,-0.1300398837631301,-0.13084476668475115,-0.1311769228891782,-0.13168307538759208,-0.13195094864205964,-0.015702718505513396,-0.014558075841667866,-0.013902721129372965,-0.013264431162594506,-0.011616301241936888,-0.08950160425090035,-0.08919921268980165,-0.08927532329031887,-0.08887709692900637,-0.08848347197409973,0.2606201713200652,0.2595434739403693,0.2593255038298483,0.25838612677829714,0.2576837344100449,0.09708390364229229,0.09723132365469636,0.09729843848881947,0.09701760426107112,0.09698724083240344,-0.21142429873084798,-0.21332522370242085,-0.21438833868258939,-0.2150854999174759,-0.21725350333469517,0.10806785618352366,0.10793508696673842,0.1079575732485392,0.10816988515056891,0.10830575502957628,0.0698241261081545,0.06992927133694057,0.07014424368507584,0.07073005673049639,0.07083698674829934,0.16622582919385245,0.166412556104511,0.16713141381803748,0.1668322586540158,0.16656619005148973,0.1482496209535238,0.148306148502685,0.14876322932273503,0.14827283207249553,0.14828464078954823,0.05943684516517988,0.059916883308284846,0.059913326377731405,0.061351824887209805,0.06288502810430634
5_T1,-0.1040348430957451,-0.10465032768561652,-0.10478871299993779,-0.1036182394374293,-0.1037400118127325,-0.1934885344161349,-0.19318983318998723,-0.19345981917228391,-0.19311940137280434,-0.1924716058492323,0.09108685706050478,0.08934658395875676,0.08764437122319464,0.08229204513396149,0.07986221659853851,0.9991368382490623,0.9994315722439977,0.9997650129113343,1.0,0.9997650274592136,0.01300293994580544,0.0129184395081138,0.012303195117220736,0.011702814537164846,0.011086645962743323,-0.13006868042402372,-0.13014059841350475,-0.13092533080486393,-0.1312440881340635,-0.1317635717999326,-0.016881429474875097,-0.015398856275043216,-0.014315737288450524,-0.013700938613519245,-0.013023343950612875,-0.09019841300091015,-0.08961209198333192,-0.08928781934289905,-0.0893492423897181,-0.08896609849471376,0.26133671010834625,0.260609704555129,0.2595400417493928,0.25931447825111614,0.258384255703209,0.09736484360201188,0.09715935031715704,0.09728880818999174,0.09734908090852802,0.0970754559441255,-0.20971566323533541,-0.21148381815897238,-0.21337262429190787,-0.21442775220703417,-0.2151324853231651,0.10798755148727203,0.10790593701132666,0.10780562312157121,0.10784972849911127,0.1080407717285895,0.0688458987750796,0.0694535364968635,0.06963315322292009,0.06989749316120716,0.07043509349995813,0.1665520244038636,0.16617412010015054,0.16637100093599866,0.16709670744428318,0.16679012882752972,0.14816006690211111,0.14827385998459153,0.14832549213097015,0.1487792981591209,0.14829202590891885,0.05844923148931499,0.059712998453453375,0.06013751808328294,0.060097096192688604,0.06157174330012807
5_T0,-0.10334684990265272,-0.103932862264489,-0.10457306740288212,-0.10472663121072677,-0.10356693530225201,-0.1936587386479999,-0.19360391836286717,-0.19327628514460307,-0.19352900568053105,-0.19317711931683082,0.09109465471142089,0.09080206157260916,0.0891333878936447,0.08747371209431234,0.08215149511451357,0.998795601394201,0.9991369273807222,0.9994316161729057,0.9997650274592136,1.0,0.013791664835353636,0.012976582581278874,0.012898798238150024,0.012287466648696165,0.011689690669622143,-0.12995285845944837,-0.1302030233640349,-0.13024121860919077,-0.1310058344794609,-0.13131121139913468,-0.01779509336080972,-0.01647451965711718,-0.015095570297931573,-0.014073765650288879,-0.013499410506063226,-0.09124662889046753,-0.09034514097296664,-0.08972247421333501,-0.08937635827339613,-0.08942311441682987,0.2624432857449087,0.2613221999808597,0.2606049447163,0.25952646691742065,0.2593126553840965,0.09794359522421951,0.09746494871829159,0.09723088851408213,0.09734933175959597,0.09739712667583592,-0.2082252762794798,-0.2097954114112873,-0.2115432877730327,-0.21341999316354185,-0.2144671437685438,0.1068358350750193,0.10777130359059285,0.10774418538751261,0.10767626638770492,0.1077419580378013,0.0678270809114699,0.06835186179891103,0.06908375095412986,0.06933754804341859,0.06965109834585069,0.1672824964790274,0.1664839577579621,0.16612245184648453,0.16632947202582085,0.16706201933956763,0.14909192219402606,0.1481925716136535,0.14829807634294523,0.14834482128865392,0.14879535698543714,0.05585112956756868,0.058818079882145664,0.05998871296989864,0.060357872571431714,0.0602806715866617
6_T4,-0.21298256622870848,-0.2142786031032097,-0.21462434087712484,-0.2145592776154171,-0.21342559507453193,-0.05338214923425976,-0.05494387483913209,-0.056746009450195964,-0.057171583265059264,-0.05846246618299474,0.08692859987769515,0.08745701687470833,0.08677506365128464,0.08572765661343336,0.08606702795533222,0.0117422265209675,0.01233468110184804,0.012938095892763147,0.01300293994580544,0.013791664835353636,1.0,0.997439586463734,0.9955323316733374,0.9937544034530111,0.9913478647670825,-0.10297294654690468,-0.10293792785225114,-0.10265909943511128,-0.10232440957154995,-0.10255587533296298,0.21354040594322238,0.21348724584240478,0.21388321595012055,0.21451164168213913,0.21424351912191816,-0.11939382859085952,-0.1168338927758715,-0.11554412053204237,-0.11566690026146209,-0.11565628360051289,0.13018534982067975,0.13004988272469814,0.1298366303221808,0.12994832141898113,0.13152380016315943,-0.17968127401605175,-0.17976432579179266,-0.17984186034656693,-0.18042393564973086,-0.18159696837454303,0.11540633510870837,0.11553431160186176,0.11597861979886849,0.11523630324122645,0.11315424266198504,-0.07527972645714738,-0.0745052100900784,-0.07390911915408074,-0.07383603316940444,-0.07128138153926736,-0.19143523408106147,-0.19153326480334198,-0.19062883248369278,-0.1884224053509453,-0.18530694175438742,-0.10521847808899452,-0.1053804888055612,-0.10663955323968086,-0.10847064692870523,-0.10913116458912585,-0.09952856282078944,-0.09967076569202504,-0.09987143425113502,-0.10114266009412737,-0.10246657839274427,-0.1518950201014682,-0.153093587194681,-0.15382176283242155,-0.15294291420536732,-0.1526763310767016
6_T3,-0.21324589420715595,-0.21298930050720002,-0.21428665464376082,-0.21463438219726932,-0.21457274752908348,-0.05194209476380769,-0.05336134201382542,-0.054918857370923314,-0.05671476701573028,-0.057129637707955,0.08809485111987149,0.08694634501238374,0.08747815388356547,0.08680155520100839,0.08576358333265911,0.011133318660302075,0.011729082457638384,0.012318933265279294,0.0129184395081138,0.012976582581278874,0.997439586463734,1.0,0.997439595927058,0.9955323521746221,0.9937544424357041,-0.10390472992377747,-0.10294723434579538,-0.10290710184283282,-0.10262067745859679,-0.10227306561205232,0.21403692271285663,0.2134116285320563,0.21333332775835978,0.21369103498859143,0.21425482073436666,-0.12032627260411453,-0.11936551251395881,-0.1167999885265935,-0.11550175133471441,-0.11561014460072681,0.12924264449841172,0.13018506050602913,0.13004829623152728,0.12983768787572064,0.1299449634740148,-0.1789464598542355,-0.17968944139445803,-0.17977391018592428,-0.1798540630440387,-0.18044000078968989,0.11612093233248558,0.11541578212898822,0.11554557949520852,0.11599263426837099,0.11525513986916744,-0.07641448070403727,-0.07524926214781864,-0.07446885482463302,-0.07386391938820534,-0.07377558788076137,-0.19361385491385785,-0.19129689389223076,-0.19136824728539206,-0.19042385902660908,-0.18815079194284998,-0.1026293607988552,-0.10521025548363674,-0.10537048519539917,-0.10662692986372059,-0.1084537096306272,-0.0984833873471255,-0.09953349678878379,-0.09967664208179547,-0.09987871450867941,-0.10115231343819146,-0.151380420343459,-0.15189871125982196,-0.15309787127433117,-0.15382694103590278,-0.15295055469129443
6_T2,-0.2131579436752575,-0.21325384565255961,-0.21299603148377363,-0.21429470144312193,-0.21464441612457336,-0.050486773576052066,-0.05191745694666158,-0.05334054662228548,-0.05489385697833399,-0.056683551209723015,0.0886124552719275,0.08811553369556797,0.08696407854011362,0.0874992743297311,0.08682802076053082,0.010722816209259948,0.011117751521542575,0.011715945131438374,0.012303195117220736,0.012898798238150024,0.9955323316733374,0.997439595927058,1.0,0.9974396053850983,0.9955323726616441,-0.10426192970676598,-0.10387408087028242,-0.10292153737807644,-0.10287629776165386,-0.10258228963512761,0.21486669879150588,0.2138828674702699,0.2132830359145212,0.21317967400675486,0.2134992659929501,-0.12079414444173855,-0.12029252242006397,-0.11933721364105247,-0.11676610904608618,-0.11545942088544181,0.12906510742351474,0.12924239226657933,0.13018379811203834,0.13004922172537062,0.12983530227046364,-0.1788049623398781,-0.17895609888490252,-0.17969743798601287,-0.179783684913048,-0.17986601668975352,0.11681500150695648,0.11613209519404966,0.11542522440036156,0.11555684059370067,0.11600663817797024,-0.07719733079898117,-0.07637808561098963,-0.07521881780744977,-0.07443252813199376,-0.07381876397000754,-0.193985310410296,-0.19344726009221944,-0.19115877733219763,-0.19120354823780955,-0.1902193785730498,-0.10086193101171437,-0.10261963457806024,-0.10520203680182702,-0.10536048732184494,-0.10661431554290804,-0.09794490437744695,-0.09848929228187356,-0.09953842798440284,-0.0996825145075056,-0.09988598862791907,-0.15088437146313927,-0.15138454164430645,-0.15190240136821095,-0.15310215402119595,-0.15383211741677763
6_T1,-0.21183864007596395,-0.21316779279320874,-0.21326179241801518,-0.2130027591608629,-0.21430274350549952,-0.049028523130137364,-0.050456230626785815,-0.05189283594053741,-0.05331976304940533,-0.05486887364362843,0.09039863474057562,0.08863794904754022,0.08813620014003923,0.08698180047314927,0.08752037823416972,0.01054562386315195,0.010703470344825971,0.011102193958645635,0.011702814537164846,0.012287466648696165,0.9937544034530111,0.9955323521746221,0.9974396053850983,1.0,0.9974396148379054,-0.10521851055124859,-0.10422375944058035,-0.10384345361809266,-0.10289585562996334,-0.1028455155848943,0.21587506108709803,0.21467380637939193,0.21372907766288002,0.21315462765011994,0.2130262838338438,-0.1228479413176876,-0.1207521598314187,-0.12025879685151722,-0.11930893195613447,-0.11673225430664501,0.13004015161690566,0.12906490469134976,0.12924098846155943,0.13018462786942314,0.1300473973695684,-0.17906247923274912,-0.1788169072163863,-0.17896553720769007,-0.17970559719285026,-0.17979325770640722,0.11582533598922533,0.11682886382080727,0.11614325132060872,0.11543466192641985,0.11556809490351122,-0.0766760927715391,-0.07715187475788819,-0.07634171918407844,-0.07518839341574157,-0.07439622997734745,-0.19365004839681785,-0.19377689315630223,-0.19328098913852035,-0.19102088379358625,-0.19103916662861842,-0.09864422726060242,-0.10084990971006162,-0.10260991392796164,-0.10519382204075735,-0.10535049517996763,-0.0977812716603357,-0.09795228524834863,-0.09849519323293562,-0.09954335640998638,-0.09968838297316711,-0.1500837805401984,-0.150889255384081,-0.1513886617700111,-0.1519060904251046,-0.15310643543229852
