,2_T4,2_T3,2_T2,2_T1,2_T0,3_T4,3_T3,3_T2,3_T1,3_T0,4_T4,4_T3,4_T2,4_T1,4_T0,5_T4,5_T3,5_T2,5_T1,5_T0,6_T4,6_T3,6_T2,6_T1,6_T0,7_T4,7_T3,7_T2,7_T1,7_T0,8_T4,8_T3,8_T2,8_T1,8_T0,9_T4,9_T3,9_T2,9_T1,9_T0,10_T4,10_T3,10_T2,10_T1,10_T0,11_T4,11_T3,11_T2,11_T1,11_T0,12_T4,12_T3,12_T2,12_T1,12_T0,13_T4,13_T3,13_T2,13_T1,13_T0,14_T4,14_T3,14_T2,14_T1,14_T0,16_T4,16_T3,16_T2,16_T1,16_T0,80_T4,80_T3,80_T2,80_T1,80_T0,84_T4,84_T3,84_T2,84_T1,84_T0
2_T4,1.0,0.9850517281332956,0.957879988543812,0.9305140993468244,0.9156157702885692,0.09267184214619169,0.0976990962216293,0.10270346919733617,0.1052498389550652,0.10512987077265087,-0.23267126286898804,-0.2213409563210946,-0.20541370819878627,-0.19326126288558,-0.18967250989229192,-0.12247789501734428,-0.11970084861216149,-0.11476094520646891,-0.10937149011523926,-0.10419286837298278,-0.2593960794144532,-0.260043937535095,-0.2563875313877169,-0.2509488556274933,-0.24854128199480857,-0.04374393010898171,-0.04043480562768134,-0.036723819645164725,-0.0348169291691487,-0.03535018940960391,-0.12793849730926513,-0.11869756737818332,-0.1083914520142341,-0.1011286022923455,-0.09776393766014592,0.003955882758883457,0.007107027928397814,0.009249558502263734,0.009489596507026302,0.009045383405445782,-0.017560751652657917,-0.00013092817529092445,0.017423729725537847,0.030896232224098753,0.037078318378822785,-0.15984130769620217,-0.15826758108675545,-0.1584785211094664,-0.15735526741353534,-0.1555228998396424,-0.07580662654556643,-0.08099595012797961,-0.08419301178110418,-0.08614863074592607,-0.08853957759884655,-0.07884239312298676,-0.07925457598341587,-0.07800247767250097,-0.07703962856503906,-0.07672858513251439,0.06294046001728647,0.06139375560206872,0.059241481321605324,0.05751742222163235,0.058831698834193404,-0.01662128505910229,-0.015084991866519156,-0.014982210471079624,-0.014628624382417974,-0.013925574103592242,0.007757775599030996,0.004539147638046369,0.0009599437245862603,-0.001549906816004003,-0.00286546466931316,-0.08700732461982524,-0.08230718159210525,-0.07786049374868795,-0.07456023591117414,-0.07325042462135449
2_T3,0.9850517281332956,1.0,0.985046008026836,0.957869952910152,0.9304878436436669,0.0929157072524995,0.0926638082802244,0.09768894416765316,0.10269097649926329,0.10521856637322431,-0.21622194309198453,-0.2326942959298222,-0.2213708385190676,-0.2054642029403007,-0.1933297513033056,-0.12005987149811044,-0.12241414135413531,-0.11963792833081059,-0.11468497788578398,-0.10928206260949977,-0.24788842343271048,-0.25935480109669784,-0.25999298356531597,-0.2563258648840771,-0.2508966593228938,-0.044446465923243764,-0.0437822268223326,-0.04048309484585302,-0.036783097228574785,-0.034887218371215736,-0.13097940663479993,-0.12782872876683057,-0.11856679299955317,-0.10823796187810472,-0.10095122749788159,0.005924256058152409,0.003903354809571014,0.007041074005385897,0.009168931256077154,0.009394307408090576,-0.02125923087650913,-0.01755065286889591,-0.00011815596090041406,0.017439531318415833,0.0309153603276634,-0.15688339654195843,-0.15985342176479536,-0.15829211359669076,-0.15850823632052408,-0.15739007536372762,-0.07336869374663665,-0.0758357314200536,-0.08103227694023428,-0.08423719962716392,-0.08620069524435207,-0.07871541552148215,-0.07887771637484432,-0.0792992126774113,-0.07805742167003767,-0.0771049025065407,0.06348136951214924,0.06283242352222261,0.06126183902955999,0.05908344765919111,0.05733253120906754,-0.017560772311131217,-0.016638265370759773,-0.015106214311960086,-0.015008052005082389,-0.01465917897181328,0.01186480750815536,0.007797380134600755,0.004589718098573047,0.0010225620448978895,-0.0014753143403854092,-0.09041869340630677,-0.08698792392196338,-0.08228229983321929,-0.07782966742364168,-0.07452352796436758
2_T2,0.957879988543812,0.985046008026836,1.0,0.9850467221069397,0.9578687009074378,0.09345609086562215,0.09289627451152335,0.09264594325642636,0.09766757315983336,0.10264068100715654,-0.19650647150787134,-0.21628135083995462,-0.23274615119892822,-0.2214578679484183,-0.20558167540352415,-0.11266704696195234,-0.11993142891017297,-0.12231494788070814,-0.11952141513339597,-0.11454916995076782,-0.2369205049695423,-0.2478049313682395,-0.25927432711067366,-0.2598978204099588,-0.25624318189895023,-0.04453921458399642,-0.04453245791266706,-0.04386248755934427,-0.040577634714315226,-0.036893593389436555,-0.13465242212389228,-0.13076615454185064,-0.12763052286801674,-0.11833822159705278,-0.10797616296278825,0.006959764607996363,0.005808939446733631,0.003795968821023839,0.00691435737432803,0.00902080470870928,-0.015843434830066574,-0.02123779998226454,-0.017529711411670125,-9.351653329442906e-05,0.017468340895833222,-0.15119987787684522,-0.15690935844912035,-0.1598939370063268,-0.1583391299315707,-0.15856215396289275,-0.07052171735094637,-0.07343455464364768,-0.07589678702437776,-0.08110345913966567,-0.08431957086380895,-0.07624468399596718,-0.07879638921128404,-0.07895323982365893,-0.07938802569113038,-0.07816120136804153,0.06462719682411465,0.06326098242043594,0.06262722710700061,0.061022500898653256,0.05880629909702433,-0.016942252193126634,-0.01759793820213564,-0.016672967801058845,-0.015146996707327356,-0.015055523141680745,0.0169687468400216,0.011954225548813183,0.007881645839184902,0.004689817583792589,0.001140326576293169,-0.09470329391967862,-0.09037235524825976,-0.08694455985047232,-0.08223066462052214,-0.07776899371686076
2_T1,0.9305140993468244,0.957869952910152,0.9850467221069397,1.0,0.9850460851033586,0.09392730875457159,0.09342899003329398,0.09287128844621313,0.09262304608554844,0.09761439585866999,-0.18888170200819995,-0.19659136596918636,-0.21635491779898966,-0.23283814583790519,-0.22158113468705531,-0.1047451092684417,-0.1124999649582167,-0.11980239811788827,-0.1221930458941745,-0.11937962226575333,-0.22940828214945885,-0.23681074973489313,-0.2477008813827285,-0.2591744280847941,-0.2598103144858482,-0.0451176020795491,-0.04465451609843382,-0.04463917479700283,-0.043961697840118656,-0.040693070509154196,-0.13932281615460868,-0.1343722220008997,-0.13050801503127238,-0.1273911731328651,-0.1180642227874565,0.008269420660204389,0.006805589936682908,0.0056661489148828155,0.003663466782496642,0.0067598102934721,-0.0038116880276806886,-0.015816860133669217,-0.021211043616491017,-0.01750370621908475,-6.344579379813641e-05,-0.14498769962848604,-0.1512348250859516,-0.15696353542003919,-0.15994311209798107,-0.15839541714250602,-0.0674619189726228,-0.0706103660165271,-0.07351605404451766,-0.07597202879427652,-0.08119006725504983,-0.07379305592153203,-0.07635391568590867,-0.07889701209818567,-0.07904670432115003,-0.07949653656199196,0.06689970393997048,0.0643355884442344,0.0629917312836378,0.062377295163113,0.06073373341088987,-0.014812619058682832,-0.016991927967489884,-0.017643854686441793,-0.016715686140731566,-0.015196632404251441,0.02085264906163641,0.017088000416455133,0.01206574328742754,0.007986290471220755,0.0048125328830422994,-0.09833390566443209,-0.09463959073179044,-0.09031332507988162,-0.08688959326037017,-0.08216611451395225
2_T0,0.9156157702885692,0.9304878436436669,0.9578687009074378,0.9850460851033586,1.0,0.09342715011329779,0.0938857726977449,0.09339100435597701,0.09283642690743182,0.09256198367515525,-0.1835905694707755,-0.1890060113075324,-0.19670203254903268,-0.21649328067023021,-0.2329779583169519,-0.09597234886642987,-0.10450907562281819,-0.11231940810653492,-0.1196323909378653,-0.1220330355640401,-0.2252096788134343,-0.22924893916376785,-0.23666269448975044,-0.2475610879902685,-0.25907318648796773,-0.04536968480120567,-0.04528378247798365,-0.04480676572768515,-0.04477942204098582,-0.04409157182819119,-0.14502941629192545,-0.13892518426325032,-0.13400994006242573,-0.13017528153039493,-0.1270834780867786,0.008692832257644684,0.008047041431406965,0.0066019197820321365,0.005478355084346852,0.0034898387957671612,0.005746591915757112,-0.003777782053244298,-0.015781373031128115,-0.021175393797307273,-0.017469279898229058,-0.13932227440539585,-0.14503690808519434,-0.1513118460482531,-0.1570323765626599,-0.16000521218878666,-0.06474915459096435,-0.06759011145973556,-0.07072676852547194,-0.07362251537836337,-0.07606989088497937,-0.07216871552524975,-0.07395116451979641,-0.07649804237250857,-0.07902911266679365,-0.07916890836591992,0.06943673994226406,0.06648275858564213,0.06395536974252365,0.06264196053740997,0.06205365249709566,-0.013768527190274866,-0.014884179530762426,-0.017057242987003392,-0.017703938292598146,-0.016771389793524244,0.02449637741563464,0.02102470705228066,0.017246558571228372,0.012213299462818891,0.008124206001357796,-0.10188123860318046,-0.09823831711621946,-0.09455185466482846,-0.09023254948962307,-0.08681477989922158
3_T4,0.09267184214619169,0.0929157072524995,0.09345609086562215,0.09392730875457159,0.09342715011329779,1.0,0.9885915403572313,0.9730805165699342,0.9587527386341879,0.9462869145185866,0.013749656085831232,0.012733375108793207,0.013185135620404895,0.013811427761709735,0.01451619816384354,-0.21961833520481255,-0.21975877889173412,-0.21907474094467685,-0.21874191638356816,-0.21772381364937687,-0.07725718212883004,-0.0763431147094185,-0.07659206912606223,-0.07584027397640992,-0.07590197372628156,0.03549203991426226,0.03453797978927793,0.033143447834085106,0.03281607438851344,0.03378146645548774,-0.1545664595742224,-0.15487320983616842,-0.1565337784187664,-0.15762949517096297,-0.1584253821253498,0.048006107387812184,0.04451053913982314,0.0429272799309095,0.042599015791702353,0.04336337132573596,-0.16390703224462064,-0.16183392247610523,-0.15932192954626187,-0.15843754261796109,-0.15862454857450764,-0.12512515498378812,-0.12424036135020917,-0.12289809350951376,-0.12150340830425164,-0.1191489283326327,0.04454673440403935,0.04380005105905257,0.04183835370778749,0.03876442572792809,0.03662558652490973,-0.028585347933859303,-0.028764923962245715,-0.027468552798470526,-0.026092293243296226,-0.02389651877845879,0.011409487091929519,0.010508162771432392,0.009300902290382176,0.007441140488466259,0.007008027370241382,-0.1229021507851272,-0.12278719713166492,-0.12284465362806146,-0.1231422667581405,-0.12274462527213884,-0.06365752730897777,-0.06545586725526997,-0.06634316433565807,-0.06632455399888788,-0.06437203659805797,-0.050677438608231554,-0.050139011028920426,-0.04897128393889283,-0.04802397947044772,-0.04692688577294904
3_T3,0.0976990962216293,0.0926638082802244,0.09289627451152335,0.09342899003329398,0.0938857726977449,0.9885915403572313,1.0,0.9885915809870965,0.9730806220556983,0.9587503332054013,0.013857393306600841,0.01376436487821926,0.01274954553975145,0.01321044893881402,0.013843465753484838,-0.2206407507533914,-0.2196228494084231,-0.21976619974217146,-0.21908308435199014,-0.2187512749698781,-0.07709003201377987,-0.07726902337868788,-0.076356439475938,-0.07660692708950029,-0.07585308257324379,0.034589061664729,0.03550896534148104,0.034556894961317114,0.0331644914403747,0.032839572220153025,-0.15609080100679132,-0.15457068586438263,-0.1548785521938423,-0.15653957226719797,-0.1576358516555506,0.046538139721198045,0.04802584491193941,0.044532960710937985,0.04295234276125078,0.042627044649405636,-0.1634351669822817,-0.16391080785016585,-0.16183826969282472,-0.1593269323446548,-0.15844335165903808,-0.12568518547305071,-0.1251174355087027,-0.12422560661687011,-0.1228819772023409,-0.12148570727353245,0.048217900079200474,0.044560040080836284,0.04381490142226452,0.041854860479233515,0.0387829389198828,-0.03040614739528797,-0.028564868085776744,-0.028742124922249222,-0.02744333870416062,-0.026064277063273366,0.009713602536296521,0.01144941732428264,0.010552993291860845,0.009351058028433128,0.007497764386522927,-0.12014279261292805,-0.12289280738602247,-0.12277682700098258,-0.12283317693323027,-0.12312945567444208,-0.06254953414459778,-0.06367550591661597,-0.06547575129078038,-0.06636505346883101,-0.06634887574715068,-0.05176190377149037,-0.050689222385190115,-0.05015211540845692,-0.04898577309830293,-0.0480400574899023
3_T2,0.10270346919733617,0.09768894416765316,0.09264594325642636,0.09287128844621313,0.09339100435597701,0.9730805165699342,0.9885915809870965,1.0,0.9885916216065319,0.9730782565136171,0.011882500717407082,0.013874090354732164,0.013779069251347333,0.012772703037848353,0.013239530244085276,-0.2223770689185281,-0.22064561698935387,-0.21962928863963235,-0.21977361862708344,-0.21909142531147696,-0.07583981530143875,-0.07710263794025443,-0.07728086121393003,-0.07636976003608925,-0.07661827002287044,0.033863752772576264,0.03460749415135715,0.035525885120667205,0.03457580324410677,0.03318552661180933,-0.1567312730370668,-0.15609487797951133,-0.15457491610377785,-0.15488389875146116,-0.15654537137008223,0.046133668554263846,0.04655969061532776,0.04804557478513332,0.04455537274227264,0.04297739382684842,-0.16317897450598062,-0.16343906736168773,-0.16391458255772648,-0.16184261577867806,-0.1593319337078438,-0.12658439785392958,-0.12567655220809984,-0.12510399666774452,-0.12421085622729663,-0.12286586610094033,0.050841964544582834,0.04823224460281506,0.04457334183275833,0.04382974700455725,0.04187136140588536,-0.03243181663730958,-0.030383768504159844,-0.028544395180764345,-0.028719334317899293,-0.02741813487562223,0.009266901129089981,0.009757445850314435,0.011489317846825392,0.010597787320271135,0.009401168702965292,-0.11770063956098024,-0.12013267234414687,-0.12288346633782349,-0.12276645971851943,-0.12282170370704432,-0.06190596283498173,-0.06256911836344915,-0.06369347784218674,-0.06549562726018253,-0.06638693283207311,-0.05216102470766688,-0.051774757995978866,-0.05070100196953259,-0.05016521469453239,-0.049000256059160564
3_T1,0.1052498389550652,0.10269097649926329,0.09766757315983336,0.09262304608554844,0.09283642690743182,0.9587527386341879,0.9730806220556983,0.9885916216065319,1.0,0.9885892490757944,0.01219943616601211,0.011901553004596251,0.013890781806901249,0.013800007122953456,0.01279927399968861,-0.22385713702770635,-0.2223822619531667,-0.22065255275732606,-0.21963572634325354,-0.21978103554721679,-0.07398732065390909,-0.07585345276398267,-0.07711523993319051,-0.07729269563605673,-0.07637990164416945,0.0338549185835115,0.03388393492328039,0.034625919918543864,0.03554279925478563,0.03459470464159246,-0.15673484580636804,-0.1567353084276323,-0.15609896006355378,-0.15457915028254238,-0.15488924949684088,0.048206583869751594,0.0461572098435755,0.04658123237554721,0.048065297012262226,0.04457777524048962,-0.16392253307168758,-0.1631829470097663,-0.16344296673143136,-0.16391835636766716,-0.16184696073410873,-0.1269499191885749,-0.1265746803507556,-0.12566166287716682,-0.12509056146030395,-0.1241961101795525,0.052512411922615194,0.050857560041567676,0.048246584506547965,0.04458663966158409,0.043844587808293575,-0.033970824341166134,-0.03240714564757332,-0.03036139790307766,-0.028523929215144187,-0.02869655214431358,0.010045574193377737,0.009314949425360151,0.009801253416170396,0.011529188701036185,0.010642544912313527,-0.11588415615113548,-0.117689600659559,-0.12012255485413002,-0.12287412763963114,-0.1227560952831122,-0.0611273893841324,-0.06192742825679274,-0.06258869464687902,-0.06371144308953221,-0.06551549516854269,-0.053001292990119395,-0.0521751781800717,-0.051787607229301855,-0.05071277736350191,-0.050178308890119476
3_T0,0.10512987077265087,0.10521856637322431,0.10264068100715654,0.09761439585866999,0.09256198367515525,0.9462869145185866,0.9587503332054013,0.9730782565136171,0.9885892490757944,1.0,0.012897499976891665,0.012247724293171223,0.011944427326030689,0.013943954794871552,0.013854325775218015,-0.2249147135624304,-0.22389817363754233,-0.22241576873330274,-0.22068353186353845,-0.21966451537058018,-0.0730728302485351,-0.07402382304751011,-0.07588648224129513,-0.07714571449354718,-0.07731369710245875,0.03358595572936007,0.033907328265594595,0.033931152435739825,0.03466888390027204,0.03558215823183892,-0.15712779680559902,-0.15679745258240388,-0.15679181117801896,-0.15615075428783748,-0.15462717451462002,0.051920302461533875,0.04827040539306898,0.04621498082897903,0.04663388546045059,0.04811348655588266,-0.16470354555725925,-0.16393098312044177,-0.16319147850449728,-0.16345140357513133,-0.16392656151147975,-0.1270433443386964,-0.12692636471757315,-0.12654078204440797,-0.12563132212324313,-0.12506319409869923,0.053072904554792855,0.052553320680733345,0.05089436669255716,0.048280140975549994,0.044617489188590105,-0.0342997657682294,-0.0339131099821062,-0.03235532704406089,-0.030314439796528415,-0.028480976303297392,0.010793457475684177,0.010166056756199316,0.009423681132331468,0.009900178494561651,0.01161952432604544,-0.11449734818918457,-0.11585821388956305,-0.1176661743842327,-0.12010116947742641,-0.12285445258076456,-0.06116250210791169,-0.06118122224839853,-0.06197581558907956,-0.06263278647464479,-0.06375192693373595,-0.053606533706450694,-0.05303102821602344,-0.052201964149369284,-0.05181193171824893,-0.050735075735029
4_T4,-0.23267126286898804,-0.21622194309198453,-0.19650647150787134,-0.18888170200819995,-0.1835905694707755,0.013749656085831232,0.013857393306600841,0.011882500717407082,0.01219943616601211,0.012897499976891665,1.0,0.9781649211172881,0.9459814064298382,0.9224945062978588,0.9036603029533238,-0.024532397558063978,-0.02781945266260989,-0.030387063537995113,-0.0319628144830638,-0.03316078836610947,0.054335816779882626,0.053294516077284845,0.05097245826977983,0.051520488272143464,0.053165688743179326,0.028588208538915208,0.027426547307160952,0.027752106300733673,0.028509873910485255,0.03029682758897778,0.1101968515907515,0.10655458576337924,0.10303227756780167,0.10102395371015166,0.09959804377502475,-0.024034941196863866,-0.027159031207506276,-0.0295802728274691,-0.02902032370220963,-0.02685771236100663,0.046471920946695965,0.03645968931288171,0.02748692956117832,0.023938310240441057,0.022918866949362605,-0.0557701426526773,-0.059958551861584115,-0.06455410125875286,-0.06614374158449181,-0.06819439689218589,-0.058661984276488825,-0.05626956521972301,-0.053596470688763415,-0.0532484686612262,-0.05220142189415733,-0.017658447140009935,-0.01799538819004246,-0.017980254637072788,-0.018833776641283422,-0.020994426610169953,-0.15161973316005103,-0.15328026654460622,-0.152438716624875,-0.1511955681610662,-0.15035022505836898,-0.10269816740223299,-0.10824315636575087,-0.11269281254611153,-0.11501088201744189,-0.11663534301752042,0.07396622192827487,0.07459613694739109,0.07416177897579833,0.0729546099789048,0.07096100202983856,-0.0190514652720965,-0.020730890126956208,-0.02063203602499648,-0.0183463039278562,-0.01582606402051126
4_T3,-0.2213409563210946,-0.2326942959298222,-0.21628135083995462,-0.19659136596918636,-0.1890060113075324,0.012733375108793207,0.01376436487821926,0.013874090354732164,0.011901553004596251,0.012247724293171223,0.9781649211172881,1.0,0.9781664822783618,0.9459843618814601,0.9224965061803497,-0.0272061622111188,-0.024639818597834717,-0.027920871319313516,-0.030503558764543127,-0.032094936497255165,0.046303458329135454,0.0542661714646075,0.05321453285811308,0.05088045453337923,0.051443760558742765,0.029320443921489043,0.028672461862124875,0.027522862623743545,0.027862199725713736,0.028633883417082975,0.10992950398311263,0.10999730897569887,0.10632831949054236,0.10277517544135358,0.1007348188555798,-0.02424419362692407,-0.023921846657993604,-0.027029241120693853,-0.02943127135989221,-0.028852332502651942,0.051416730933712254,0.04644919917055265,0.036433301223498,0.02745607695439161,0.02390229057536163,-0.0558937044861648,-0.055737211985638434,-0.05989785195763176,-0.0644849079435432,-0.06606638858192779,-0.05917574115650274,-0.058589703634731705,-0.05618724533969043,-0.053502728106740546,-0.053143083815057945,-0.017127627070933522,-0.017571421285217662,-0.017895840355826077,-0.01786624824994738,-0.01870503933801909,-0.1465330715272102,-0.15138011104899363,-0.15300752734557804,-0.15212850467630706,-0.15084671188085855,-0.10132718908169731,-0.10265702285469946,-0.1081957088956324,-0.11263809187809173,-0.11494888591182573,0.07178972109877835,0.07387338947413931,0.07448945393650243,0.07403916332407502,0.07281617163059427,-0.018661322995204958,-0.01909600780835414,-0.020782180944533407,-0.020690935872975293,-0.018413054249651926
4_T2,-0.20541370819878627,-0.2213708385190676,-0.23274615119892822,-0.21635491779898966,-0.19670203254903268,0.013185135620404895,0.01274954553975145,0.013779069251347333,0.013890781806901249,0.011944427326030689,0.9459814064298382,0.9781664822783618,1.0,0.9781636151231535,0.945980895496134,-0.031284369377376164,-0.02731978486238346,-0.024728375590862977,-0.028022243038135924,-0.030619993582710364,0.03826173739983578,0.0462309545845409,0.05419655126364225,0.053134581770363884,0.050813255756337425,0.02999378921804007,0.02941091808466334,0.0287566809931881,0.027619134602465685,0.027972237842486793,0.11093203251695233,0.10971545379329782,0.10979791323589103,0.10610223629518975,0.10251830374378061,-0.0230196144758629,-0.02412264331918111,-0.023808805542346424,-0.02689951893648417,-0.029282356831397863,0.05112933880122736,0.051393339135411505,0.046426484359118614,0.03640692216472985,0.02742523620741052,-0.056623656946630976,-0.05585745090764324,-0.055683955827084845,-0.05983717465646064,-0.06441574346235013,-0.059135382447183193,-0.05909778707313366,-0.05851744936584003,-0.05610495883167526,-0.05340902801167224,-0.017418599217759373,-0.017034156010495172,-0.017484430478102768,-0.017796337021992972,-0.01775229882753125,-0.13988852516674807,-0.14627687062456665,-0.15114069616835302,-0.1527350468869045,-0.15181861813886735,-0.0977370073734634,-0.10128310315823741,-0.10261589142888014,-0.10814827831690554,-0.11258339309036149,0.07127051181931413,0.0716907228523232,0.0737805987732628,0.0743828242230298,0.0739166161953255,-0.018067721162150958,-0.018709141112071764,-0.019140530393841455,-0.020833446055239832,-0.02074980256029959
4_T1,-0.19326126288558,-0.2054642029403007,-0.2214578679484183,-0.23283814583790519,-0.21649328067023021,0.013811427761709735,0.01321044893881402,0.012772703037848353,0.013800007122953456,0.013943954794871552,0.9224945062978588,0.9459843618814601,0.9781636151231535,1.0,0.9781668435633903,-0.034708426024307446,-0.03146087149650255,-0.02745555053650182,-0.024856354485803908,-0.02816689947534148,0.030388485640559366,0.03814966307121895,0.046125361728245856,0.0540955447734486,0.05305057152861362,0.030740650710797453,0.03013637979070856,0.0295422029107713,0.028878345649871906,0.027756441615575653,0.11349758700668626,0.1106043515148327,0.10941402294085852,0.109518068707803,0.10578778228111392,-0.022052929343908262,-0.02282899273199764,-0.023946825435101193,-0.02364595888055225,-0.026714901972924976,0.04394004120056565,0.051093712845552405,0.0513582426179222,0.046392702174844154,0.03636841964848931,-0.057935686725016936,-0.056563852269939006,-0.055772317596515165,-0.05560625322091756,-0.059749598507464786,-0.0587305414174591,-0.059011714999696846,-0.05898427982186276,-0.058412657931080095,-0.05598701854242978,-0.01718812240271039,-0.017271160275271757,-0.016898752118096293,-0.01735893629872715,-0.017654512306319734,-0.13357161161249864,-0.1395046142559055,-0.14592140156965966,-0.15080984925922702,-0.1523618675701418,-0.09468316354844235,-0.09766582851747105,-0.10121719481856847,-0.10255462342079529,-0.10807834069255655,0.07238701207285768,0.07111385015316657,0.07154584837300763,0.07364543635754996,0.074229514100419,-0.019256421126944073,-0.01814156358815769,-0.018777079255637662,-0.019203512229022796,-0.020904926437978356
4_T0,-0.18967250989229192,-0.1933297513033056,-0.20558167540352415,-0.22158113468705531,-0.2329779583169519,0.01451619816384354,0.013843465753484838,0.013239530244085276,0.01279927399968861,0.013854325775218015,0.9036603029533238,0.9224965061803497,0.945980895496134,0.9781668435633903,1.0,-0.03746999144281067,-0.03492966615653546,-0.031628031012040196,-0.02761221535665785,-0.025003861951977412,0.024211062904956428,0.03024793413621997,0.03801968227723025,0.046003008401516395,0.05400982450132513,0.031003739377769568,0.03092157337978773,0.030301126363946374,0.02969366830176231,0.029018533470351195,0.11646083289356886,0.11308341437707208,0.11022833024873811,0.10906848812059669,0.10919760475409056,-0.020968262165194824,-0.021811099107283356,-0.02260860047859968,-0.02374382683765471,-0.02345816179439967,0.03825017457454126,0.043898678373475074,0.051051760955113525,0.05131701844248906,0.046353158008663325,-0.05941397973918544,-0.0578573472982026,-0.05645453309547154,-0.055673402551010574,-0.05551606772631675,-0.05786139455287764,-0.058572342119985805,-0.05886818203346376,-0.05885271173212948,-0.05829133578587879,-0.0162210336821631,-0.01700054577344924,-0.017100616886331278,-0.01674234665207527,-0.017214151627385026,-0.12758604581093078,-0.1330917004631571,-0.13906588128469263,-0.1455157474651401,-0.1504327352040998,-0.0918470028788636,-0.09459186473307589,-0.09758220855188225,-0.10113983207862766,-0.10248277837667075,0.07290953369958295,0.07218702895262964,0.07093169882384733,0.07137765719525853,0.07348872328951168,-0.020258737745783694,-0.019349063362871392,-0.018226281990020618,-0.018854903328420717,-0.01927556274680445
5_T4,-0.12247789501734428,-0.12005987149811044,-0.11266704696195234,-0.1047451092684417,-0.09597234886642987,-0.21961833520481255,-0.2206407507533914,-0.2223770689185281,-0.22385713702770635,-0.2249147135624304,-0.024532397558063978,-0.0272061622111188,-0.031284369377376164,-0.034708426024307446,-0.03746999144281067,1.0,0.9938035766324042,0.9838324367136329,0.9749345638927163,0.9681504500625159,0.0215235627752474,0.0233470539664139,0.022923682950218516,0.021658455152510227,0.019605468076209956,-0.12494584417074946,-0.12822281614588396,-0.13122010958465444,-0.13354097396220768,-0.13485427509415207,-0.05068695983910423,-0.05119421605911719,-0.051631565977983226,-0.05142247689791095,-0.05137290258875716,-0.03606020314835918,-0.03688846633309013,-0.038122193709329295,-0.03952765829063244,-0.04215016246654057,0.20724578125490836,0.2042037371027966,0.20034896123668353,0.19699986136662653,0.1941379316349266,0.12598196378545126,0.12662819567425176,0.12766412429994722,0.12782603537499104,0.12719554517243264,-0.16932476743395145,-0.16689554014845687,-0.16610381260825355,-0.16625176473725792,-0.16492455732469558,0.0842874534137227,0.08415800297522691,0.08336002310717229,0.08173552352329728,0.07976231596082951,0.055989246108732,0.056551680951884224,0.05729246486184895,0.05818943021942371,0.059682888882537255,0.13957913080538273,0.14026445327770465,0.14192628489066036,0.14193596619507332,0.14192056341206843,0.1296864341935113,0.12884669859676837,0.1287050061864194,0.12813670516530787,0.12675888236504998,-0.0052346208449148965,-0.006476228703951907,-0.007625941189563582,-0.008279141926838717,-0.009264892640518071
5_T3,-0.11970084861216149,-0.12241414135413531,-0.11993142891017297,-0.1124999649582167,-0.10450907562281819,-0.21975877889173412,-0.2196228494084231,-0.22064561698935387,-0.2223822619531667,-0.22389817363754233,-0.02781945266260989,-0.024639818597834717,-0.02731978486238346,-0.03146087149650255,-0.03492966615653546,0.9938035766324042,1.0,0.9938020605227718,0.9838330292470014,0.9749373938585267,0.018217125967393256,0.0216254029115857,0.0234572370536261,0.023044295168923732,0.02175570663142903,-0.12290112716356096,-0.12506537863786027,-0.12835104272309159,-0.13135879023700814,-0.13369299101772708,-0.05016954923847837,-0.050401359733398286,-0.05088582808296056,-0.0512962330033675,-0.051053547208719116,-0.03369244436901053,-0.03622803896089105,-0.03706945497052694,-0.038318710842433476,-0.03974348334634396,0.20864621237462566,0.20726016026843963,0.20422085040999793,0.20036963203894997,0.1970250364598762,0.12476550039152527,0.12592174253904465,0.12652893283166125,0.1275572550385513,0.12770980778661278,-0.17178677028625433,-0.1694122486732209,-0.16699011093443827,-0.16620646290594787,-0.16636433377976234,0.08587566226480542,0.08414140273942973,0.08400056248641467,0.08318903816086408,0.08154778968252836,0.05499194366707376,0.05566474513180701,0.05620143284284012,0.05691146428773041,0.05776976420532213,0.1384457783026492,0.1395078117147315,0.14018765651090082,0.14184286535754845,0.14184432944013814,0.1295994836971016,0.12981605912498467,0.12898685593093331,0.12885755987606115,0.12830480999620267,-0.0034654665771042606,-0.005149480134685666,-0.006383665417988907,-0.007524703673291857,-0.008167389380408235
5_T2,-0.11476094520646891,-0.11963792833081059,-0.12231494788070814,-0.11980239811788827,-0.11231940810653492,-0.21907474094467685,-0.21976619974217146,-0.21962928863963235,-0.22065255275732606,-0.22241576873330274,-0.030387063537995113,-0.027920871319313516,-0.024728375590862977,-0.02745555053650182,-0.031628031012040196,0.9838324367136329,0.9938020605227718,1.0,0.9938028325957878,0.9838351809492685,0.01559667743233619,0.01830737467329641,0.02170936254948214,0.02354789002883864,0.02311606320657884,-0.12016257826441767,-0.12300977887185086,-0.12516413539030036,-0.12845673968798438,-0.13147282331820748,-0.04955265003547003,-0.04991129681896527,-0.0501652421271712,-0.05063136093855778,-0.05102008931815156,-0.031147073136970987,-0.03384424596495997,-0.03636603983418566,-0.03721793414405481,-0.0384795433028714,0.20902987618175528,0.20866033211315682,0.20727450991355734,0.20423755672367108,0.2003893685269578,0.12382780216115967,0.12471157880347385,0.1258465637748029,0.12644870341901013,0.12747108606662125,-0.17429985434011566,-0.1718670369784839,-0.16948538870904753,-0.1670689650525548,-0.16629182958534358,0.08705845924230125,0.08574391253902006,0.08402152691435054,0.08387159223151325,0.08304925584279285,0.0537890469813509,0.05469750681483061,0.055395942225450544,0.055911847214667874,0.05659706302482319,0.13724453888792737,0.13838314095942705,0.13945065576797402,0.1401262431687248,0.1417763134481256,0.12944680122402594,0.12971862938207052,0.12992509459326126,0.1291044903692968,0.12898530279375395,-0.0024455595271357924,-0.003386561662620201,-0.005077181203605576,-0.006305201555525213,-0.0074390410916445405
5_T1,-0.10937149011523926,-0.11468497788578398,-0.11952141513339597,-0.1221930458941745,-0.1196323909378653,-0.21874191638356816,-0.21908308435199014,-0.21977361862708344,-0.21963572634325354,-0.22068353186353845,-0.0319628144830638,-0.030503558764543127,-0.028022243038135924,-0.024856354485803908,-0.02761221535665785,0.9749345638927163,0.9838330292470014,0.9938028325957878,1.0,0.9938036042842593,0.015154125379345448,0.0156953767303198,0.018397583300720846,0.02179328787361151,0.02361336315144008,-0.11796030969504445,-0.12028327259238414,-0.12311837656755886,-0.1252628472878389,-0.12856238468103845,-0.04909867221933115,-0.04926746365509649,-0.049653261577838934,-0.049929306557602984,-0.05037710710633992,-0.028993853013722447,-0.03131541925376502,-0.033995961210324256,-0.036503968967722226,-0.03736632957891355,0.20867185340565542,0.2090432606821547,0.20867444721069953,0.20728885514567338,0.20425425737006767,0.12353811704633194,0.12376678342387908,0.12462799739959295,0.12577141401091302,0.1263685074369803,-0.1772529113272511,-0.17438870509213086,-0.171947267476227,-0.1695584986383534,-0.16714778403383918,0.08874615082600304,0.08691214853590992,0.08561222772115745,0.08390170505246522,0.0837426848720145,0.0518393842600049,0.05346382360410741,0.05440335541932859,0.05512737776201608,0.05562254086097873,0.13645567353430169,0.13717523322420663,0.138320529093985,0.1393935210614281,0.1400648544980163,0.12964924287074434,0.1295782775161811,0.12983770579708012,0.13003407205268633,0.12922205700421352,-0.002295926233161233,-0.00235848964036494,-0.0033077081340683943,-0.005004925304433353,-0.00622678824978366
5_T0,-0.10419286837298278,-0.10928206260949977,-0.11454916995076782,-0.11937962226575333,-0.1220330355640401,-0.21772381364937687,-0.2187512749698781,-0.21909142531147696,-0.21978103554721679,-0.21966451537058018,-0.03316078836610947,-0.032094936497255165,-0.030619993582710364,-0.02816689947534148,-0.025003861951977412,0.9681504500625159,0.9749373938585267,0.9838351809492685,0.9938036042842593,1.0,0.015753331273346917,0.0152638109669567,0.015794027837310518,0.018487751876647748,0.021853763193295718,-0.1156480100816904,-0.11809567853965247,-0.12040390068253823,-0.1232269202909676,-0.1253615143610287,-0.04854003799456519,-0.048780221115188475,-0.048982541217504574,-0.04939544322067453,-0.04969355279821973,-0.02746391715317131,-0.029182514598996106,-0.03148365976506385,-0.034147590179168665,-0.0366418264177424,0.20584342298680283,0.20868379385290445,0.20905664050541056,0.20868855766963948,0.20730319596687735,0.12422186072773625,0.12346864756706782,0.12367291771508794,0.12454445136520613,0.1256962932302251,-0.1791594748780728,-0.17735231065090937,-0.1744775115677636,-0.17202746180416256,-0.1696315784798616,0.08914634917529592,0.08858199974917187,0.08676591747137188,0.0854806077632238,0.08378193711732768,0.04970134802203648,0.05147633530985716,0.053138947463645864,0.054109489020941065,0.05485905139002208,0.13595984872116706,0.13637818823735956,0.13710595870300354,0.13825794269023625,0.13933640758284221,0.13073783407891035,0.12979608027824344,0.12970966950772148,0.12995671300289727,0.13014299154981424,-0.0009564829669635393,-0.002198920244321216,-0.0022714823913893146,-0.0032289059376460556,-0.004932712396018969
6_T4,-0.2593960794144532,-0.24788842343271048,-0.2369205049695423,-0.22940828214945885,-0.2252096788134343,-0.07725718212883004,-0.07709003201377987,-0.07583981530143875,-0.07398732065390909,-0.0730728302485351,0.054335816779882626,0.046303458329135454,0.03826173739983578,0.030388485640559366,0.024211062904956428,0.0215235627752474,0.018217125967393256,0.01559667743233619,0.015154125379345448,0.015753331273346917,1.0,0.9855005034879638,0.966710810367875,0.9501779928482228,0.9355179182779556,-0.03068670187959351,-0.032851918728867495,-0.033973224802593203,-0.033910596915846504,-0.03325996858489671,0.17928119946746293,0.17763672968773203,0.17518894206901095,0.17371483288277167,0.17339362584266466,-0.12320662974019554,-0.1263267154905571,-0.128699872792524,-0.13105536154662606,-0.13379313532255233,0.036624837375117326,0.028233164934908475,0.023533452069653585,0.02210720773498318,0.02352356493600527,-0.10506918772250595,-0.10416408927954848,-0.1023961314268653,-0.1005579535170488,-0.09840539157481173,0.14967061237286325,0.15157320063045931,0.15236159287833043,0.1538804335810138,0.1544203203606472,-0.06537956464865782,-0.06646214062879953,-0.0676321228519408,-0.06868493447341124,-0.07080231479660778,-0.17676527399471662,-0.17448917149095924,-0.17222568184142467,-0.1695752622686654,-0.16786579951750216,-0.10928219338016533,-0.10924670605716523,-0.10823266794587358,-0.10632668988488875,-0.10368820415227009,-0.058173792801624435,-0.05883373060043993,-0.06046873103298286,-0.0629563167077755,-0.06529383627653955,-0.11319240869796825,-0.11661328362900884,-0.1182823306706499,-0.11868732919294167,-0.11894001136100793
6_T3,-0.260043937535095,-0.25935480109669784,-0.2478049313682395,-0.23681074973489313,-0.22924893916376785,-0.0763431147094185,-0.07726902337868788,-0.07710263794025443,-0.07585345276398267,-0.07402382304751011,0.053294516077284845,0.0542661714646075,0.0462309545845409,0.03814966307121895,0.03024793413621997,0.0233470539664139,0.0216254029115857,0.01830737467329641,0.0156953767303198,0.0152638109669567,0.9855005034879638,1.0,0.9855014482577984,0.966713156895405,0.9501791602003307,-0.028529402088659846,-0.030766144062164155,-0.03293625929721878,-0.03406442768095459,-0.034011131933216164,0.1787464597095713,0.17940046269277207,0.1777636751010654,0.17532674107477264,0.17386705867730384,-0.12128917259899197,-0.12329623372071141,-0.12642175707074826,-0.12880253643565076,-0.1311682019487967,0.041426451670213776,0.036643387233620886,0.028253941841858192,0.023557048450036307,0.02213444158313587,-0.10602755664519671,-0.10509411442567324,-0.10420891366515989,-0.10244435191586242,-0.10061064500980922,0.14834749267729205,0.14959639933465713,0.15149408091086242,0.15227598940168413,0.1537861769569321,-0.062103896306863846,-0.06545446552214838,-0.06654186609845752,-0.06771848275339473,-0.06878008993352264,-0.17841743911348368,-0.17689490276320385,-0.17462708517789047,-0.1723753049604976,-0.16974101729251917,-0.10971206463194592,-0.10931231222970546,-0.10927884813399132,-0.10826758189323774,-0.10636534222199794,-0.05619005370710196,-0.05808408555381395,-0.05873805398239516,-0.0603649451546705,-0.0628416846631638,-0.11165753525706983,-0.11314518759965342,-0.11656278729689724,-0.11822767397096338,-0.11862714162767282
6_T2,-0.2563875313877169,-0.25999298356531597,-0.25927432711067366,-0.2477008813827285,-0.23666269448975044,-0.07659206912606223,-0.076356439475938,-0.07728086121393003,-0.07711523993319051,-0.07588648224129513,0.05097245826977983,0.05321453285811308,0.05419655126364225,0.046125361728245856,0.03801968227723025,0.022923682950218516,0.0234572370536261,0.02170936254948214,0.018397583300720846,0.015794027837310518,0.966710810367875,0.9855014482577984,1.0,0.9855023926691504,0.9667130554715665,-0.02654596332740035,-0.028616838755511208,-0.030845554600358278,-0.03302056350504658,-0.034155587520046896,0.178951157493492,0.17887736630822568,0.1795196467917418,0.17789052917341056,0.17546443134492662,-0.11765670345253852,-0.1213877973866001,-0.12338579647148176,-0.1265167512477235,-0.12890514396380787,0.04555037058255222,0.04144550692979128,0.03666193161097709,0.028274712091635235,0.023580636537925012,-0.10665327590510573,-0.10605567229494137,-0.10513644583490994,-0.10425372224159779,-0.10249255383013198,0.14751289522743263,0.14826585477400425,0.14952221282449013,0.15141499179008472,0.15219042213662914,-0.058213862069808074,-0.062186429241252034,-0.06552933688269565,-0.06662155754149897,-0.06780480226983875,-0.180100260681593,-0.17855929131725085,-0.17702443461823716,-0.17476488708879317,-0.17252479507781757,-0.10970938868466316,-0.10974508934865099,-0.10934242179675514,-0.10931097949384277,-0.10830248309939985,-0.05426663645475028,-0.05609201755791751,-0.05799441839909029,-0.05864242368697883,-0.06026121430690805,-0.11117214233043976,-0.11160576100415916,-0.11309798694156102,-0.11651231459671943,-0.11817304522458225
6_T1,-0.2509488556274933,-0.2563258648840771,-0.2598978204099588,-0.2591744280847941,-0.2475610879902685,-0.07584027397640992,-0.07660692708950029,-0.07636976003608925,-0.07729269563605673,-0.07714571449354718,0.051520488272143464,0.05088045453337923,0.053134581770363884,0.0540955447734486,0.046003008401516395,0.021658455152510227,0.023044295168923732,0.02354789002883864,0.02179328787361151,0.018487751876647748,0.9501779928482228,0.966713156895405,0.9855023926691504,1.0,0.9855010238582378,-0.025526175330545308,-0.026643094691724604,-0.028704237326912425,-0.030924933513207065,-0.03310483137603038,0.1797149332764691,0.17909621030794942,0.1790081781190256,0.1796387518540378,0.17801729201741365,-0.11490183125643211,-0.11776646338748396,-0.12148637253989485,-0.12347531802176792,-0.1266116980580366,0.04875239506392342,0.04556969803474265,0.04146455605332761,0.036680470509662035,0.028295475687487207,-0.1079426923120052,-0.10668529203517706,-0.10610285209616475,-0.10517876342269103,-0.10429851501723306,0.14673795975487985,0.1474222050039211,0.14818424882257478,0.1494480528281367,0.15133593325036876,-0.052341842966993506,-0.05830590198637669,-0.062268926608410095,-0.06560417874784699,-0.06670121497983938,-0.18201043405432157,-0.18025711556151386,-0.1787010277312171,-0.17715386968877447,-0.17490257738542409,-0.10928082215205145,-0.10974597620665529,-0.10977810293638937,-0.10937252208562782,-0.10934310014212671,-0.051741843769316384,-0.05415836694884627,-0.05599402925942216,-0.057904791310527816,-0.05854683968047405,-0.11099821315532389,-0.11111471646449148,-0.11155401127079916,-0.11305080671028686,-0.11646186551173422
