,2_T4,2_T3,2_T2,2_T1,2_T0,3_T4,3_T3,3_T2,3_T1,3_T0,4_T4,4_T3,4_T2,4_T1,4_T0,5_T4,5_T3,5_T2,5_T1,5_T0,6_T4,6_T3,6_T2,6_T1,6_T0,7_T4,7_T3,7_T2,7_T1,7_T0,8_T4,8_T3,8_T2,8_T1,8_T0,9_T4,9_T3,9_T2,9_T1,9_T0,10_T4,10_T3,10_T2,10_T1,10_T0,11_T4,11_T3,11_T2,11_T1,11_T0,12_T4,12_T3,12_T2,12_T1,12_T0,13_T4,13_T3,13_T2,13_T1,13_T0,14_T4,14_T3,14_T2,14_T1,14_T0,16_T4,16_T3,16_T2,16_T1,16_T0,80_T4,80_T3,80_T2,80_T1,80_T0,84_T4,84_T3,84_T2,84_T1,84_T0
2_T4,1.0,0.9773758339204527,0.944713769652425,0.9129836261859782,0.8821983131783636,0.09059598767991998,0.09148447199362376,0.09314017923667993,0.09580518207168816,0.09820087657976864,-0.263537680421429,-0.2655790072109934,-0.2571908822700104,-0.248462248003811,-0.24047807202023577,-0.05758173230849184,-0.05663969273821688,-0.05442612838146782,-0.051425220522450854,-0.05111829609220624,-0.2838459286897412,-0.2885740707980318,-0.2878487892386208,-0.28501671970334147,-0.2800222865121317,-0.009360828779414942,-0.001349195777972696,0.012911746653599865,0.026179937130964916,0.03426305638166369,-0.17815769155611547,-0.17814539160119244,-0.1786691074978125,-0.17856963694525868,-0.17799121274024682,-0.01224289355568632,-0.008770638229639492,-0.0006357565587002574,0.006892549676108748,0.01393035132976411,-0.10530887472104192,-0.11641941079081886,-0.12330792543492108,-0.12685273168529856,-0.12956070587643764,-0.13417467827406357,-0.12951731554325785,-0.12364424189190958,-0.11797672449498589,-0.11548087839948781,-0.02476582096401931,-0.025815057350759306,-0.02601441473008596,-0.024998122171203063,-0.020917760912477424,-0.07374917646465616,-0.07494711091280831,-0.07280448068202808,-0.06872544805147215,-0.06627000922347484,0.10695299307433428,0.10437092888614913,0.10287384381863121,0.10046922344146823,0.09759770231949193,-0.027129368634441417,-0.027298966463610564,-0.02676323990948864,-0.024698346585315417,-0.02516701090978994,0.0008044299642753805,-0.004747860984129655,-0.00932062026654217,-0.012147613942190638,-0.014678876843218088,-0.13772091288941582,-0.11864169760907842,-0.09342599989853635,-0.07349426501415302,-0.05896704614452249
2_T3,0.9773758339204527,1.0,0.9773762936527501,0.9447157253812272,0.912986825902605,0.09357983620485039,0.0905436835644349,0.09142905103531265,0.0930812685090258,0.09574187427241321,-0.25281238034019554,-0.2636187926170221,-0.2656621111823852,-0.25727862514350336,-0.24855582843738622,-0.05561866406612645,-0.05751111935780005,-0.056564726625569585,-0.05434650357923781,-0.051340266024076424,-0.2799417687362483,-0.28379022281886856,-0.2885296880360825,-0.2878024044173938,-0.28497114852557237,-0.007052541980836926,-0.0094090190526212,-0.001401188423910683,0.012854903057045968,0.02611726715896089,-0.17616746378056733,-0.17797400977247152,-0.17795167798188125,-0.1784630762442412,-0.17834901989700985,-0.008307575435846763,-0.012310202127978816,-0.008842555598315654,-0.0007135224634457979,0.006808093919155757,-0.09948459173292705,-0.10527580394576794,-0.11640761713383542,-0.12330526365594156,-0.1268403080179996,-0.13334002874981385,-0.1341870635675467,-0.12953367748481845,-0.12365222342132412,-0.11798584766375636,-0.028073820627948408,-0.024815002011036633,-0.025866346245682896,-0.026068101408938876,-0.025076723140683897,-0.06874717727639847,-0.07380610274216289,-0.07500633209290145,-0.07286711849723453,-0.06879264376395001,0.10936518375477981,0.10676334399878243,0.10417149247124761,0.10266304377215743,0.10024536806315991,-0.018818173345039137,-0.027093555284645684,-0.02726167640711728,-0.026724361532192476,-0.02465756929270619,0.0019199904545899326,0.0008170787051995142,-0.004732986640143689,-0.009303387744620745,-0.01212828278629736,-0.14241587616495158,-0.1376787404761258,-0.11860189363843404,-0.09338925026084122,-0.07346035674220477
2_T2,0.944713769652425,0.9773762936527501,1.0,0.977377850056645,0.9447196801913675,0.0974522662391995,0.09351435110203417,0.09048379062607667,0.09136530973462573,0.09301318164411837,-0.23947322912490732,-0.2529231578213328,-0.2637172151612695,-0.2657640187338116,-0.25738709429703277,-0.05050518037656387,-0.055530577413342545,-0.057430499038473096,-0.05647875633706355,-0.05425473351637292,-0.27444453754416165,-0.2798707949275672,-0.28374168779922415,-0.2884778869067558,-0.2877508667851922,-0.0026212124320335035,-0.007112582566668842,-0.009464115387849742,-0.001460924334272318,0.012789243364222633,-0.17429603648885378,-0.17594198261352098,-0.1777684891778706,-0.17773423155408205,-0.1782310171009872,-0.0017948172904280425,-0.008391264744740591,-0.012387193527041157,-0.008925208565996635,-0.0008033462500264906,-0.09241183126345762,-0.0994425227743964,-0.10526270829063704,-0.11640389738947,-0.12329059934909166,-0.12902122712782424,-0.13335477867878953,-0.13420406239278132,-0.12954127270219043,-0.1236608854476833,-0.0336318366911253,-0.028136031583857374,-0.02487122434294006,-0.02592526293984565,-0.026153954618941367,-0.060762611276201584,-0.06881875253070736,-0.07387128307582741,-0.07507448653353095,-0.07293961946895884,0.11335302152858724,0.10912960015696507,0.10654999926826036,0.10394625423235676,0.10242397193730876,-0.008676547460845072,-0.018772349117022427,-0.02705253581182596,-0.027218761743577933,-0.02667938273997271,0.002852827883526151,0.001935515437309255,0.0008315617416962558,-0.00471583137530299,-0.009283364334086257,-0.1428209023180641,-0.1423587589950645,-0.13762979912957368,-0.11855541543894624,-0.09334605695179232
2_T1,0.9129836261859782,0.9447157253812272,0.977377850056645,1.0,0.9773794058590579,0.10042382724622374,0.09737917375447613,0.09344889031337893,0.0904239180550886,0.09130159183844011,-0.22869421357422465,-0.23960140217899803,-0.25303386271075773,-0.26381557905165054,-0.26586586143733676,-0.046942607927819346,-0.050407482389341694,-0.05544252750532432,-0.05734990951733745,-0.056392821649398,-0.26859615328194186,-0.2743644913175495,-0.2798169461737471,-0.28369316819888707,-0.2884287978174483,0.0046775912404345135,-0.002687935274916814,-0.007172600805108782,-0.009519192924758483,-0.0015206381653970643,-0.1715708162864804,-0.17404417316908433,-0.17571667899645121,-0.177563116467198,-0.17751695428705896,0.0056380629956998395,-0.0018878315910128398,-0.00847491896189795,-0.012464155207253236,-0.009007826901017773,-0.08417403862841014,-0.09236448511025841,-0.0994278780983817,-0.10525936855471713,-0.11638984555258192,-0.12711512543861347,-0.12903756236019318,-0.13337319098558387,-0.13421095083213636,-0.12954886563295143,-0.03794151351754907,-0.033701923255570976,-0.02819821901198329,-0.024927427297898545,-0.026006539776130492,-0.05376984284558134,-0.060843080360329205,-0.06889029894744556,-0.07393643934494398,-0.07514261393324065,0.11439490956241355,0.11308762459587461,0.10889422871970841,0.10633682979443543,0.10372121647696286,-0.0007795001000197464,-0.008624693733647848,-0.018726540932133117,-0.02701152941657533,-0.02717586179602583,0.004262325268273185,0.002869594142928758,0.0019510344528578811,0.0008460396972076182,-0.004698682602550943,-0.14258405389440143,-0.14275252429682384,-0.14230166878760273,-0.13758087874031188,-0.11850895848539104
2_T0,0.8821983131783636,0.912986825902605,0.9447196801913675,0.9773794058590579,1.0,0.10483873783153508,0.10034037027428722,0.09730611128543945,0.09338345382531558,0.09036406584105063,-0.21871387122670163,-0.2288454522450862,-0.23972948163520905,-0.25314449508756015,-0.26391388434637253,-0.046361096400217364,-0.04683165846094419,-0.050309829421226304,-0.055354514319052944,-0.0572693507767242,-0.2600403552750003,-0.2685036488907068,-0.2743035408201257,-0.27976311616541727,-0.2836471910754569,0.015115388914945746,0.0046016835760423185,-0.002754630691168804,-0.007232596708656285,-0.009574251672982944,-0.16827891193411149,-0.17128408234587414,-0.1737925289815078,-0.17549155269758449,-0.17735789146402783,0.015179231443780947,0.005532026484290677,-0.001980802992962202,-0.008558538109419905,-0.012541087185855398,-0.07406167096270463,-0.08411961305970259,-0.09234773949227613,-0.09942393380269737,-0.10524627941756784,-0.12815946872012135,-0.1271334665247621,-0.12905799957462374,-0.13338051848922658,-0.1342178373658012,-0.03822411769522396,-0.03802238095727433,-0.03377198035563277,-0.02826038292568499,-0.025004735331246777,-0.046465654279966115,-0.05386228033822735,-0.06092351361027351,-0.06896181654403163,-0.0740015715628391,0.11399216437199394,0.11409079153081882,0.1128224922227589,0.10865906911647932,0.10612383533119753,0.002343556131014796,-0.0007196424709426855,-0.008572860190971913,-0.018680748781872605,-0.026970536092578733,0.00229498738711165,0.00428049238304886,0.0028863532490462423,0.0019665475047471815,0.0008605125744615033,-0.14010915785987318,-0.14250048115405156,-0.1426841823962276,-0.1422446055233585,-0.13753197929477257
3_T4,0.09059598767991998,0.09357983620485039,0.0974522662391995,0.10042382724622374,0.10483873783153508,1.0,0.9862896910419846,0.9687697398834408,0.9519312161348509,0.935886613345346,-0.037835661696156736,-0.0376544026332331,-0.03432638384245437,-0.03104653330223054,-0.027561044471322994,-0.20117871837011903,-0.19998493910351664,-0.1985597397169519,-0.1971737895887845,-0.19786683992484855,-0.0828795730429186,-0.08167125141221385,-0.08202798198002223,-0.08279220320085377,-0.08586612293657561,0.037436658065520295,0.036830813777421395,0.03569993993728002,0.034068672090234446,0.03315800463327846,-0.18726434395572536,-0.18901139780183582,-0.18966365201900373,-0.1904186148895396,-0.19137312373946122,0.09957924605325993,0.10098492115426007,0.1026007414491716,0.10290730867765435,0.1021659165814853,-0.1756514242075123,-0.17260381630179392,-0.17191526572548876,-0.17296114894621095,-0.17387360816561925,-0.09997916640990583,-0.09828328139821683,-0.0965616892489184,-0.09418653508159461,-0.09196970501977755,0.03759847385969105,0.035796385296327914,0.03388007128812766,0.03324440611112518,0.03323856276370471,-0.044339930601903776,-0.0471552875875567,-0.04717156687176451,-0.04708519101725648,-0.04738391808915754,0.056764114339369384,0.06037171663694743,0.0646287795293489,0.06749339107590757,0.07122147248733879,-0.14748405610404816,-0.14722982788583927,-0.14661984671791867,-0.1469080206301355,-0.14447520001677347,-0.06891255528741014,-0.06600154497088788,-0.06143985700112701,-0.05654652738067086,-0.05258272217070616,-0.06410529393708482,-0.06943428707080741,-0.07546057845042724,-0.08353951774987693,-0.08903628510230317
3_T3,0.09148447199362376,0.0905436835644349,0.09351435110203417,0.09737917375447613,0.10034037027428722,0.9862896910419846,1.0,0.9862903617076928,0.9687714089381474,0.9519340550044104,-0.03630372538389485,-0.03770068815135244,-0.037509535546220434,-0.034169932378943606,-0.030874514451516333,-0.19980257194016662,-0.2012282030688064,-0.20003897861259284,-0.1986191265037137,-0.1972396331114448,-0.08074234672325065,-0.08291695641481513,-0.08170107108206692,-0.08206025650898821,-0.08282487950597367,0.03554726978447737,0.03748079561948616,0.03687941080843452,0.03575408304448652,0.034129804102952147,-0.18731911072242646,-0.1873570623269247,-0.18911084342985723,-0.18977164430768628,-0.19053711211582444,0.09771820882255862,0.09963671258931056,0.10104767556949854,0.10266999937189442,0.10298450021012874,-0.17535980500944615,-0.17567375224129336,-0.1726079267729263,-0.17191015872563756,-0.17296528321581114,-0.10105734105994024,-0.09996137521436586,-0.09826082600414697,-0.09654758602954183,-0.09417070446045155,0.03866755116909724,0.03764422023906025,0.03584558062670365,0.03393335661244179,0.03332518110027981,-0.043609738481550385,-0.044279221149681296,-0.0470900662552829,-0.047100469181909244,-0.04700648363532037,0.057198610902371286,0.05689951649504153,0.06051687936637884,0.06478531798621681,0.06766429539036836,-0.1488104412692274,-0.14751177062894438,-0.1472595022216722,-0.14665182800863227,-0.14694282962534608,-0.07117658371045495,-0.0689231077316549,-0.06601453704771056,-0.06145572714117838,-0.056565352227059926,-0.06254494666037248,-0.06414233373614753,-0.06947072447730418,-0.07549591814649127,-0.08357359597258236
3_T2,0.09314017923667993,0.09142905103531265,0.09048379062607667,0.09344889031337893,0.09730611128543945,0.9687697398834408,0.9862903617076928,1.0,0.9862910321408526,0.9687730773573444,-0.033487442853605984,-0.03615626674145643,-0.03756580082423503,-0.037364768322421436,-0.03401359851507452,-0.19909940473748566,-0.19985681157629295,-0.20127767000930644,-0.20009299692887694,-0.1986784876558833,-0.07750711535486496,-0.08078390570619333,-0.08294416459985388,-0.08173088123686285,-0.08209049722192377,0.035179124109102254,0.03559528826675017,0.03752491905320707,0.036927990833196006,0.03580820523223442,-0.18568143849074528,-0.18742109167104176,-0.18744972413167865,-0.18921022338216495,-0.1898795585166217,0.09685015484802224,0.09778052380089826,0.09969415821741573,0.10111040499263871,0.10273922680856501,-0.17442460952892175,-0.17538460299536943,-0.17567750963623632,-0.1726035192603969,-0.1719143776634693,-0.10110105245689745,-0.10103800680357103,-0.09994060007938112,-0.0982480387376647,-0.09653348752072274,0.03981233083287621,0.03871822107558166,0.037689951824824014,0.03589475868327584,0.03400696965878338,-0.04212958120515064,-0.04354358189789675,-0.044218532833826686,-0.04702486953562512,-0.0470294009263703,0.05646903067090698,0.05734734808360481,0.05703481644874368,0.06066192325498906,0.0649417165368159,-0.14976598580556932,-0.14884163968984335,-0.14753947693359046,-0.14728916699418956,-0.14668379801139178,-0.07336757158589507,-0.07118773452770613,-0.06893365671552311,-0.0660275244675611,-0.0614715910150738,-0.06184458537795333,-0.06258791951717939,-0.06417935805271341,-0.06950714546987653,-0.0755312405592116
3_T1,0.09580518207168816,0.0930812685090258,0.09136530973462573,0.0904239180550886,0.09338345382531558,0.9519312161348509,0.9687714089381474,0.9862910321408526,1.0,0.9862917023415546,-0.031342050438917544,-0.03332555927025925,-0.03600891072079611,-0.037430999622304506,-0.03722010084638084,-0.1976562892373174,-0.1991591020792493,-0.1999110299750867,-0.20132711920122204,-0.20014699406491876,-0.07390672359723582,-0.07755367295325788,-0.08081429406373551,-0.0829713648220039,-0.08175882599732984,0.03612690341153645,0.03523151094897151,0.03564329001273083,0.037569028373456645,0.03697655386062844,-0.1843423357728475,-0.18579474010785446,-0.18752300451671086,-0.1875423294299394,-0.1893095377340943,0.09558759201763845,0.09691809125831007,0.09784281417884916,0.09975158294908047,0.10117310943872831,-0.1721992549427863,-0.1744523902051003,-0.1753890725237686,-0.17567340833735254,-0.1726076287278599,-0.10203283554603292,-0.10107994652506465,-0.10101540835359066,-0.09992874149007676,-0.09823525536437702,0.04167592117939393,0.039868864102587824,0.038768873017563994,0.03773566862416199,0.03596245210688624,-0.04057239518719942,-0.04205699616490319,-0.04347745041694197,-0.04415786564326475,-0.046959697414603756,0.056056207379060946,0.05663388806986364,0.05749596236993462,0.05717001433731041,0.06080684847548485,-0.15024641070113387,-0.1498011726414799,-0.14887282795230675,-0.14756717502168137,-0.1473188222080146,-0.07501157475084783,-0.07337925074412205,-0.07119888135454541,-0.06894420224073781,-0.06604050723297122,-0.06303882082245862,-0.06189504842880383,-0.06263087261559247,-0.06421636689653931,-0.06954355005968296
3_T0,0.09820087657976864,0.09574187427241321,0.09301318164411837,0.09130159183844011,0.09036406584105063,0.935886613345346,0.9519340550044104,0.9687730773573444,0.9862917023415546,1.0,-0.03078606157416865,-0.031161831551646153,-0.033163799397507854,-0.03586165720205188,-0.03729628445320209,-0.19556918561269057,-0.19772288329067458,-0.19921877373700678,-0.19996522714908474,-0.20137655065416,-0.0699006061028835,-0.07395963646328224,-0.07758787899862904,-0.08084467268116086,-0.08299684262422242,0.03503924535539112,0.03618458127261094,0.03528387775314285,0.03569127503116682,0.03761312358700468,-0.18258904056769162,-0.18446976631423073,-0.18590795814237104,-0.1876248493384221,-0.18763487828156145,0.09415259698799151,0.09566278302371409,0.09698599833566073,0.097905079971093,0.09980898679577992,-0.1706445815618289,-0.17223079381216116,-0.174457780041883,-0.17538494317001743,-0.17567716490701443,-0.10379943265355258,-0.10200943720752283,-0.10105524790583092,-0.10100256551776784,-0.09991688621920622,0.04469521616774616,0.04173975999088453,0.03992537522039926,0.038819507004598686,0.0377983953136738,-0.03911788962333775,-0.04049173757029492,-0.04198444138855873,-0.043411344024349985,-0.04409721956692872,0.05366259684161741,0.056241168905705886,0.05679859503768532,0.057644453941497226,0.05730511029730891,-0.15085096757535385,-0.1502864044715602,-0.14983634681232966,-0.14890400606158824,-0.14759486489683862,-0.07760867426100626,-0.07502371340075832,-0.07339092530909821,-0.07121002419315502,-0.06895474430901699,-0.06554730014251878,-0.06309864782961391,-0.06194548572120911,-0.06267380596929899,-0.06425336027737524
4_T4,-0.263537680421429,-0.25281238034019554,-0.23947322912490732,-0.22869421357422465,-0.21871387122670163,-0.037835661696156736,-0.03630372538389485,-0.033487442853605984,-0.031342050438917544,-0.03078606157416865,1.0,0.9685099302335216,0.9236840245208368,0.8845372721520594,0.8469955136594762,0.07603834936013171,0.07697940654683419,0.07691519161419465,0.07554916133096541,0.07251137308371496,0.1303371689230819,0.1312793328144653,0.1307376425669137,0.12891293081961686,0.1267044575435468,-0.04668411250971281,-0.05077190139303444,-0.053022516876152614,-0.052355485346093196,-0.04968701162869725,0.18143988855435353,0.18266303371092713,0.18443995525951914,0.18543787567100758,0.18538565243023078,0.003211370820442564,-0.0010517275114335822,-0.00480228321465751,-0.0065257235963430155,-0.00593164303908578,0.18407771290700473,0.1840062731817694,0.18222665340085528,0.17824533121001684,0.17367668507379355,0.006028833682475211,0.004394288833718928,0.002901479437129809,0.0016494295416853947,-0.0010775097733837153,-0.1367519342747034,-0.1354385197205656,-0.13440113723759475,-0.13191791030010216,-0.12916263845815995,0.02379300947507813,0.022630407844900707,0.021188078806495238,0.017689012128347927,0.012706631551332167,-0.16277502608478467,-0.15957141124963764,-0.15651294290722273,-0.15362744018135532,-0.15083089158255888,-0.047051074578422905,-0.04942691229261076,-0.05155685376574437,-0.053318530244543,-0.05443865691283379,0.13006223221176527,0.13114884134401594,0.1311052935205759,0.12902793002045201,0.12416341939546385,-0.059403639569947174,-0.06683653217560422,-0.07236529811394345,-0.07433014426658767,-0.07360415580784757
4_T3,-0.2655790072109934,-0.2636187926170221,-0.2529231578213328,-0.23960140217899803,-0.2288454522450862,-0.0376544026332331,-0.03770068815135244,-0.03615626674145643,-0.03332555927025925,-0.031161831551646153,0.9685099302335216,1.0,0.9685221220106038,0.9237162900713263,0.8845915476221885,0.07964482575739219,0.07584444956664572,0.07676629501437131,0.07667979953998783,0.07528730242596116,0.13412232195560667,0.13019651012200656,0.13115958273381867,0.1306070991285164,0.1287775923150586,-0.044052643406585205,-0.046545478699846515,-0.05061765637239471,-0.05284943026847857,-0.052159619539881796,0.18214823930875337,0.18099055982384266,0.18217497244990824,0.1839039568206419,0.1848436721926644,0.009191797276941473,0.003391691118465124,-0.0008520748300880522,-0.004578902006864622,-0.006274430362287917,0.18970279625385955,0.18396480945119145,0.18394633996713858,0.18218928827984668,0.17817631987350638,0.013189306717970133,0.00607062983389569,0.004449011353399269,0.0029333621684053206,0.0016861227705312557,-0.13684909116508667,-0.13659007612799134,-0.1352638464089427,-0.13421116971822586,-0.13163825146809888,0.026157692396183135,0.02395132067163078,0.022801297345681076,0.02137591237969584,0.017899282798575132,-0.16417120101497573,-0.1622798604372817,-0.1590345285376546,-0.15592645642422023,-0.15298088343516603,-0.04599651877621499,-0.04713448388470277,-0.04951617735940175,-0.05165301555324947,-0.05342331893976212,0.12933242860271596,0.1300046491925206,0.13108184899103315,0.13102740505878183,0.1289387998410324,-0.049480881534731826,-0.05948858606541962,-0.06691891100352765,-0.07244413399115397,-0.07440573415009945
4_T2,-0.2571908822700104,-0.2656621111823852,-0.2637172151612695,-0.25303386271075773,-0.23972948163520905,-0.03432638384245437,-0.037509535546220434,-0.03756580082423503,-0.03600891072079611,-0.033163799397507854,0.9236840245208368,0.9685221220106038,1.0,0.9685343013183966,0.9237485195220694,0.08012946359583692,0.0794349601024528,0.07565068185114097,0.07655334193172755,0.07644459998005255,0.13532706552952387,0.13396811860043392,0.13008766053615975,0.13103991625508565,0.1304829310988075,-0.042729237040487866,-0.04390475419080145,-0.046406933810783556,-0.05046351943959533,-0.05267647729145445,0.1820995564273792,0.18166114285523915,0.18054167573327173,0.1816874358176758,0.1833685905805532,0.013363888647139811,0.009382617697521283,0.003571889209993562,-0.0006525700745806753,-0.004355703396196525,0.19196951101334442,0.18957881050215017,0.18390960626694328,0.18391107860450026,0.1821248697225156,0.019495182918770684,0.013232536566207653,0.006120495195953078,0.0044772022680310995,0.0029652225634227824,-0.1346873641293049,-0.13667251177899048,-0.13642832428949855,-0.13508929790292332,-0.13395719694686195,0.026091897655792808,0.02632744247505915,0.02410952766734985,0.022972064599347596,0.021563598362029007,-0.16190265775688217,-0.16363357357215655,-0.16178523533940428,-0.1584982834144379,-0.15534073324272893,-0.04698682017603919,-0.046089678352753766,-0.04721784358740955,-0.04960538476542268,-0.05174910931211121,0.1294699756604621,0.12927158031707306,0.12994710837033657,0.1310149098608673,0.1309495843004564,-0.039724497752703494,-0.049580402177216716,-0.0595734707700959,-0.06700122545459808,-0.07252290325246015
4_T1,-0.248462248003811,-0.25727862514350336,-0.2657640187338116,-0.26381557905165054,-0.25314449508756015,-0.03104653330223054,-0.034169932378943606,-0.037364768322421436,-0.037430999622304506,-0.03586165720205188,0.8845372721520594,0.9237162900713263,0.9685343013183966,1.0,0.9685464681760521,0.07840037952061878,0.0799009520162984,0.07922524890479263,0.07545704606803688,0.07634054710854955,0.13539353098435242,0.13515673265408323,0.1338483761323473,0.12997888067305716,0.13092605569282995,-0.04111937481148356,-0.042569761873366856,-0.04375696724161619,-0.04626847774689689,-0.050309490467908016,0.18031487275670863,0.18156603512752198,0.18117456968767792,0.18009323562242044,0.1812004229681839,0.01718502698181389,0.013568488646349151,0.009573298961465351,0.0037519652288574724,-0.0004532130681552415,0.1900596253148996,0.19183245030189033,0.1895172637365438,0.1838770322424839,0.18385122808299817,0.024220084199906972,0.019540472197233264,0.013284465934085428,0.006146053748869341,0.004505375272166981,-0.13050170112923917,-0.13449295878341172,-0.13649605778519197,-0.13626667864307565,-0.13485662271121107,0.0260466540199857,0.026276657883551623,0.02649707198255804,0.024267630574644067,0.023142709749362344,-0.16095811038265104,-0.16131440273886768,-0.16309658431568785,-0.16129114989874407,-0.1579626747350181,-0.04813586777870635,-0.04709093459676219,-0.04618277783474019,-0.04730115373774938,-0.04969453457536255,0.13014776162258204,0.1294051071281669,0.12921078009308146,0.12988960969336671,0.1309480238824784,-0.03271718586723346,-0.03984284427753727,-0.04967984388960133,-0.05965829376033637,-0.06708347561472769
4_T0,-0.24047807202023577,-0.24855582843738622,-0.25738709429703277,-0.26586586143733676,-0.26391388434637253,-0.027561044471322994,-0.030874514451516333,-0.03401359851507452,-0.03722010084638084,-0.03729628445320209,0.8469955136594762,0.8845915476221885,0.9237485195220694,0.9685464681760521,1.0,0.07624813504359626,0.07814792266503846,0.07967262403534826,0.0790156919807671,0.07526354207198467,0.13323105799165502,0.13520201794168718,0.1350241036273429,0.1337287165374424,0.12987542041703026,-0.04041996703081252,-0.04094482186191074,-0.04241040694817691,-0.043609282440596524,-0.04613011041272281,0.1805315134458758,0.17972193221853233,0.1810331424918684,0.18068851896232777,0.17964523883241967,0.022440844400825603,0.01740868709476643,0.013772926274994324,0.009763841232765394,0.003931919308680038,0.18773972498951927,0.18990631031080926,0.1917636362567561,0.18948018761843446,0.1838218989736565,0.030670319916153658,0.024268681822427796,0.01959524295203298,0.013310183013867136,0.0061715974527975755,-0.12773206799455347,-0.13028430284654782,-0.13429870435957178,-0.13631972903599918,-0.1360517883303456,0.02295481580280805,0.026251201659230904,0.026461274831300043,0.02666658105884539,0.024425629505751452,-0.15905442066275596,-0.16030292293853082,-0.16072691467789274,-0.16256023209868298,-0.16079760322485098,-0.04495916751380383,-0.04825346558898315,-0.04719497548097476,-0.046275817289167104,-0.047384414386841614,0.12873206733643697,0.1300776652386584,0.12934029458293667,0.1291500278672154,0.12983215310985938,-0.020352432627682618,-0.03285906080472195,-0.03996108719807689,-0.04977920677747674,-0.059743055112358764
5_T4,-0.05758173230849184,-0.05561866406612645,-0.05050518037656387,-0.046942607927819346,-0.046361096400217364,-0.20117871837011903,-0.19980257194016662,-0.19909940473748566,-0.1976562892373174,-0.19556918561269057,0.07603834936013171,0.07964482575739219,0.08012946359583692,0.07840037952061878,0.07624813504359626,1.0,0.993100000567514,0.9833442022096432,0.9731864826387517,0.9630755775623385,0.005830898347647341,0.0016484573717361957,0.0007270996510216661,0.0014441618869922537,0.00236653106504354,-0.11979461286444455,-0.12153763687839479,-0.12347107058257864,-0.1244476469114607,-0.12314251530207837,0.0036045679262724584,0.0058351351386940736,0.004768415756032968,0.0038529261259222583,0.003974839742402332,-0.08401473407296778,-0.08651054179910446,-0.08942595329199253,-0.09322009054035763,-0.09742384512184614,0.2239805120555476,0.2228088117579362,0.2234845117793593,0.22490465220262942,0.22597760131922243,0.09548766139810745,0.09657538384790153,0.0974742435551643,0.09824829251227692,0.09963146331328279,-0.17185405327087364,-0.17127989658182574,-0.171864349691845,-0.1728058965922797,-0.17544443697705167,0.08808284854645904,0.091661409291813,0.0921402470149676,0.09240849695268191,0.09304577564108472,0.04242129914383677,0.04011914281881778,0.037746797984342585,0.03503655513442372,0.033485306397498776,0.10977943293989453,0.10949558606661136,0.11104008629151126,0.11113313644143252,0.11172104047119014,0.14125992144602764,0.14215733497826327,0.14242225790190832,0.1426455107883887,0.14285613613746628,0.0040673331299419056,0.006170283584870102,0.010811457015028116,0.018171955573244986,0.023388190793005824
5_T3,-0.05663969273821688,-0.05751111935780005,-0.055530577413342545,-0.050407482389341694,-0.04683165846094419,-0.19998493910351664,-0.2012282030688064,-0.19985681157629295,-0.1991591020792493,-0.19772288329067458,0.07697940654683419,0.07584444956664572,0.0794349601024528,0.0799009520162984,0.07814792266503846,0.993100000567514,1.0,0.9931006546368827,0.9833459325263247,0.973189563794003,0.008717145069372932,0.005887206923371558,0.0016939975336899874,0.0007766065669659135,0.0014945230006041894,-0.11911740097329594,-0.11985031856716379,-0.12159911545105383,-0.12353958641773374,-0.12452500591509123,0.005053773856944342,0.0037905655109296142,0.00603596866624141,0.004988226545856524,0.004095728363839202,-0.08170511811250558,-0.0840965351601763,-0.08660021829057656,-0.08952515964416097,-0.0933305200861415,0.22314584429159726,0.2240074528115589,0.22280987207127498,0.2234721774200113,0.2249047051607427,0.09477654772999485,0.09546197996389537,0.09654291959599222,0.09745304737399371,0.09822434423150904,-0.17329390352624918,-0.1719083143416677,-0.17133840893262992,-0.1719277091114329,-0.1729030081985636,0.08784024594772691,0.08799509700839481,0.09156667332764806,0.09203663582792475,0.09229353603337213,0.04118716028463713,0.042199157896813555,0.039878780459640016,0.0374852342035538,0.034749694409615124,0.10820410577945742,0.10981891915447849,0.10953802588008614,0.11108579705692984,0.11118297011207133,0.13982210259635147,0.14126979789126531,0.14217019814346318,0.1424386295956018,0.1426653074666938,0.0047714839354165185,0.004134269848643028,0.006236896703905622,0.010876631288350577,0.018235117420980402
5_T2,-0.05442612838146782,-0.056564726625569585,-0.057430499038473096,-0.05544252750532432,-0.050309829421226304,-0.1985597397169519,-0.20003897861259284,-0.20127767000930644,-0.1999110299750867,-0.19921877373700678,0.07691519161419465,0.07676629501437131,0.07565068185114097,0.07922524890479263,0.07967262403534826,0.9833442022096432,0.9931006546368827,1.0,0.993101308419538,0.9833476620097615,0.01178000387269621,0.008779573892311005,0.005928443255901064,0.0017395210495320347,0.0008231044460034209,-0.11882839403819032,-0.11917805825342827,-0.11990600415536598,-0.12166056973535247,-0.12360807238247846,0.00684421537619615,0.005258321314252899,0.003976430034766406,0.006236646370742962,0.005207850287773322,-0.07808799073531308,-0.08179403741880654,-0.08417830296989251,-0.08668985484155786,-0.08962431718517068,0.22182696125743576,0.2231758950143213,0.22400843010458377,0.22279903431089662,0.22347290875706288,0.09390244554959881,0.09474860647000952,0.09543219456072106,0.09652384828241485,0.09743185951054512,-0.17381686612977726,-0.17335414405846378,-0.17196255564240717,-0.1713968981181599,-0.17201621120616037,0.08675946565325592,0.08774427373777405,0.08790737969716204,0.09147197745559857,0.09193307274119888,0.040343742915729286,0.04094271969431493,0.04197720036611336,0.03963863417078805,0.03722392770043131,0.1070086030648931,0.10824887275527813,0.10985839208282971,0.10958045016663945,0.1111314895095686,0.1382387028742492,0.1398324761144543,0.14127967089822632,0.14218305630692166,0.14245499417059665,0.005982247403817115,0.004848843604792142,0.004201170269194899,0.0063034707792338105,0.010941764013589437
5_T1,-0.051425220522450854,-0.05434650357923781,-0.05647875633706355,-0.05734990951733745,-0.055354514319052944,-0.1971737895887845,-0.1986191265037137,-0.20009299692887694,-0.20132711920122204,-0.19996522714908474,0.07554916133096541,0.07667979953998783,0.07655334193172755,0.07545704606803688,0.0790156919807671,0.9731864826387517,0.9833459325263247,0.993101308419538,1.0,0.9931019619155262,0.013632704818814808,0.011849606643417597,0.00882545695724303,0.005969665772477554,0.0017822943854572005,-0.11842566077337001,-0.11889465334050794,-0.11923869161116663,-0.11996166963999108,-0.12172199974574602,0.007281586460673255,0.00707041561053119,0.0054627085471294305,0.004162161654175571,0.0064371684507186135,-0.07419205529831521,-0.07818535982551711,-0.08188291737166922,-0.08426003752241418,-0.08677945147872777,0.21877248209674838,0.22186077263815893,0.22317743165138443,0.2239984749987921,0.22280009689763464,0.09375846958059621,0.09387190048397542,0.09471616520269538,0.09541470168626616,0.09650478379088695,-0.17385775164288997,-0.173884282884376,-0.17341436047824443,-0.1720167771839341,-0.17147828284078667,0.08627228523189039,0.08665387980769972,0.08764834243328938,0.08781969659273393,0.09137732165019417,0.04028617565623652,0.04007297882344733,0.0406985005685156,0.04175542629516121,0.03939870362426843,0.10729574155035417,0.10705936345791212,0.10829362315727334,0.10989785173178772,0.10962285893493659,0.13684949730267254,0.13824943398574616,0.13984284570815378,0.1412895404687676,0.14219590947165817,0.007190511404268304,0.006072834293322773,0.004926157099026979,0.004268034422519322,0.006370005846889109
5_T0,-0.05111829609220624,-0.051340266024076424,-0.05425473351637292,-0.056392821649398,-0.0572693507767242,-0.19786683992484855,-0.1972396331114448,-0.1986784876558833,-0.20014699406491876,-0.20137655065416,0.07251137308371496,0.07528730242596116,0.07644459998005255,0.07634054710854955,0.07526354207198467,0.9630755775623385,0.973189563794003,0.9833476620097615,0.9931019619155262,1.0,0.014839919816129744,0.013711149959620961,0.011900946300545164,0.008871323151980179,0.006008365151490771,-0.1159827808978217,-0.11849847887331479,-0.11896088391287282,-0.11929930106075753,-0.12001731503200788,0.007785782167897669,0.007533978246263816,0.007296420317480094,0.005666935761625969,0.0043477605252958875,-0.06928815925604298,-0.07429978830600319,-0.07828268168562323,-0.08197175799721612,-0.0843417388380243,0.2152503714395621,0.21881094107127474,0.22186310122029362,0.22316697001595345,0.22399945421897047,0.0941073884323637,0.09372473443225639,0.0938363927922697,0.0946972068440217,0.09539721455633275,-0.17363707953703225,-0.17393387700022542,-0.17395166977257745,-0.1734745528001304,-0.17209196572943902,0.08421838697731128,0.08615509455235103,0.08654834350966854,0.08755245200812302,0.08773204767509342,0.04174090693226387,0.03998354851197739,0.03980248564718245,0.04045450256858464,0.04153383542789946,0.10787606204182451,0.10735333757562082,0.1071101030422227,0.10833835699480134,0.1099372981081599,0.13587851188053462,0.13686031068229432,0.13826016066804758,0.13985321137975779,0.1412994066047571,0.008546212342408545,0.007297351228491333,0.006163361137828047,0.00500342446137575,0.00433486233950269
6_T4,-0.2838459286897412,-0.2799417687362483,-0.27444453754416165,-0.26859615328194186,-0.2600403552750003,-0.0828795730429186,-0.08074234672325065,-0.07750711535486496,-0.07390672359723582,-0.0699006061028835,0.1303371689230819,0.13412232195560667,0.13532706552952387,0.13539353098435242,0.13323105799165502,0.005830898347647341,0.008717145069372932,0.01178000387269621,0.013632704818814808,0.014839919816129744,1.0,0.9830392028068617,0.960834758531305,0.9402543742938778,0.9225729516409125,-0.03914085750086969,-0.04068413644379579,-0.040952150585825825,-0.04256979115494161,-0.04277315994845496,0.23927211536324347,0.2392253728580744,0.2398303347670119,0.23952578162500066,0.2382200281056777,-0.14329802224283814,-0.14173590746432213,-0.13852866317384654,-0.13615432964194926,-0.1339848531557747,0.14599601862135364,0.14789696733070462,0.1480194004269227,0.14750697211424074,0.14821013990663046,-0.14879146864306134,-0.1492921902600691,-0.1486048167367033,-0.1464258423754073,-0.14314676808025645,0.12578831709897492,0.12264234718362234,0.12022361294527635,0.11709771061282412,0.113264625877007,-0.06329892184589898,-0.05884551835288528,-0.05392667673188274,-0.04811328108503558,-0.04148475384143496,-0.20076628146829012,-0.19783310522738395,-0.19439238809368195,-0.19120295396482773,-0.190074293023212,-0.09813591028566665,-0.0997886247778393,-0.10138015418343546,-0.10249744307018258,-0.10380050149928059,-0.06969008024866326,-0.06657982060686637,-0.06573538646188758,-0.06525412069741045,-0.06308179639876957,-0.12987355488100122,-0.1375500637617434,-0.1435187255239733,-0.1446428817478932,-0.14455499120742993
6_T3,-0.2885740707980318,-0.28379022281886856,-0.2798707949275672,-0.2743644913175495,-0.2685036488907068,-0.08167125141221385,-0.08291695641481513,-0.08078390570619333,-0.07755367295325788,-0.07395963646328224,0.1312793328144653,0.13019651012200656,0.13396811860043392,0.13515673265408323,0.13520201794168718,0.0016484573717361957,0.005887206923371558,0.008779573892311005,0.011849606643417597,0.013711149959620961,0.9830392028068617,1.0,0.9830382680574273,0.960834298577782,0.9402534627411593,-0.0351805842632424,-0.039180598344147555,-0.040728610819592864,-0.041002552637882154,-0.04262761002148935,0.24222845821727287,0.2393411931047945,0.23930199197871327,0.2399159099239021,0.2396227678400174,-0.14595840999185794,-0.14334682239531474,-0.14179043982167286,-0.1385903939870684,-0.13622477960866577,0.1465519620006108,0.14601716615431037,0.14790157186191083,0.14801544038316777,0.1475118169519614,-0.14902876942027343,-0.14880208485981472,-0.1493065619094506,-0.14861187484421207,-0.1464341185118438,0.12791267505698703,0.12573997028883277,0.12258964779160555,0.12016572425814404,0.11700757264763742,-0.06655969276316147,-0.06334774170489228,-0.058899102838587514,-0.05398653085556204,-0.04818130154133464,-0.2021257471071665,-0.2008480920018036,-0.19792471502085915,-0.19449586674731878,-0.19132099385290627,-0.09980875560001225,-0.09810334061753596,-0.09975303170050141,-0.10134101366554185,-0.10245390839512118,-0.0729210467177238,-0.06967759799188909,-0.06656473618764494,-0.06571712977185123,-0.06523243527106173,-0.12272267706813128,-0.12983340268344185,-0.13750879265696317,-0.14347662999782326,-0.14459997806024724
6_T2,-0.2878487892386208,-0.2885296880360825,-0.28374168779922415,-0.2798169461737471,-0.2743035408201257,-0.08202798198002223,-0.08170107108206692,-0.08294416459985388,-0.08081429406373551,-0.07758787899862904,0.1307376425669137,0.13115958273381867,0.13008766053615975,0.1338483761323473,0.1350241036273429,0.0007270996510216661,0.0016939975336899874,0.005928443255901064,0.00882545695724303,0.011900946300545164,0.960834758531305,0.9830382680574273,1.0,0.9830386430915793,0.9608351083425246,-0.03290494656643996,-0.03521240994396741,-0.039209634260969475,-0.04076123528302772,-0.041039676151622975,0.24633837911788853,0.2422709095870861,0.2393799178947877,0.23934568446139115,0.23996539201888692,-0.14890125691882633,-0.14599591070148144,-0.14338137114808694,-0.14182924820516976,-0.1386345656970959,0.14632305905765147,0.14656944689062723,0.14602081413945822,0.14789977996477746,0.1480196049745707,-0.14913687844683954,-0.14903767729829467,-0.14881204623709468,-0.14931168010138382,-0.14861770518357134,0.13112095578274124,0.12787267174584793,0.12570413717461387,0.1225504715761553,0.12010465429515145,-0.07002295057102105,-0.06659833106290773,-0.06338313038718435,-0.05893816662263079,-0.0540304032663502,-0.20133900305002547,-0.20217787993108458,-0.20089528569030227,-0.19797864767552983,-0.1945580436916577,-0.10092638353196144,-0.09978173829731313,-0.09807950163630444,-0.09972688978384059,-0.10131216867994378,-0.07422002466975212,-0.07291143852389298,-0.06966867379944898,-0.06655385813559217,-0.06570386713790992,-0.11475141744587511,-0.12268818118632381,-0.1298033398156209,-0.1374778790295219,-0.14344510483952147
6_T1,-0.28501671970334147,-0.2878024044173938,-0.2884778869067558,-0.28369316819888707,-0.27976311616541727,-0.08279220320085377,-0.08206025650898821,-0.08173088123686285,-0.0829713648220039,-0.08084467268116086,0.12891293081961686,0.1306070991285164,0.13103991625508565,0.12997888067305716,0.1337287165374424,0.0014441618869922537,0.0007766065669659135,0.0017395210495320347,0.005969665772477554,0.008871323151980179,0.9402543742938778,0.960834298577782,0.9830386430915793,1.0,0.9830389493699571,-0.03061356164234595,-0.0329393329239979,-0.03524422542429537,-0.03923866163448106,-0.040793849198923794,0.24970529341363165,0.2463831541323552,0.24231334133847685,0.2394186262407072,0.23938935626621266,-0.15143461601289804,-0.1489414364783786,-0.1460333978217626,-0.143415908362114,-0.14186804233705994,0.1452700766452963,0.14634238099941949,0.1465736841115712,0.14601928177487478,0.14790373023867714,-0.15111886230882268,-0.14914645997602366,-0.14904850371623762,-0.14881669018514201,-0.14931679690743893,0.13400620140281974,0.13107661118073194,0.1278326815412963,0.12566831476533005,0.12249520092870322,-0.07495665637340998,-0.07006469885678424,-0.06663695584116099,-0.06341850770425629,-0.058977216752516014,-0.2000773922480587,-0.20139561693936328,-0.20222998405174666,-0.2009424556681195,-0.19803254983737217,-0.10245991581589034,-0.10089622513885976,-0.09975472905678885,-0.09805566913437425,-0.09970075562082288,-0.07396365028189736,-0.07420991574418125,-0.07290183348623215,-0.06965975229202426,-0.06654298367002816,-0.10798504252197952,-0.11471185534923879,-0.12265369976526388,-0.12977328841223615,-0.13744697817710097
